24814 150 3.0 0.6358974351251885
112355 1270 1.0 0.10724233969550587
56414 1358 5.0 0.03389830504222592
20452 2034 2.5 1.5434782591545897
93234 1080 5.0 0.38636363588068173
54913 160 3.5 1.0275398140028205
96218 2688 3.0 0.1571428570142856
138199 648 3.5 0.13822525584172418
6069 2716 4.0 1.2121848722966007
11986 590 5.0 0.7069444435246267
55578 150 5.0 0.6358974351251885
58953 160 3.5 1.0275398140028205
17851 593 5.0 0.12906504051082504
43978 1270 3.5 0.10724233969550587
111917 111 5.0 0.9257142849942861
100579 475 4.5 0.8292682917615175
114383 648 4.5 0.13822525584172418
98228 1079 3.0 0.12202380937738075
3595 150 4.5 0.6358974351251885
78579 2716 3.5 1.2121848722966007
105676 1265 3.5 0.4199999994184615
121707 5349 2.5 0.9494949482184244
116464 1265 4.0 0.4199999994184615
16343 1265 5.0 0.4199999994184615
95428 593 4.5 0.12906504051082504
43033 5349 4.5 0.9494949482184244
80668 34405 2.5 0.5147058816666666
62611 1079 4.0 0.12202380937738075
120773 2716 3.0 1.2121848722966007
93018 1270 5.0 0.10724233969550587
111981 186 3.0 2.046874997821436
16097 150 4.5 0.6358974351251885
44515 648 3.5 0.13822525584172418
120991 5046 1.0 0.37499999953125
35289 648 3.5 0.13822525584172418
109391 593 4.5 0.12906504051082504
103760 1270 2.5 0.10724233969550587
51491 102125 2.5 0.026315789444444307
55475 475 4.0 0.8292682917615175
10721 1079 3.5 0.12202380937738075
18515 593 2.5 0.12906504051082504
60008 160 3.5 1.0275398140028205
43033 150 3.5 0.6358974351251885
96218 6166 2.5 1.166666665733333
130489 150 3.5 0.6358974351251885
2104 1358 4.0 0.03389830504222592
29798 590 2.5 0.7069444435246267
135008 160 1.5 1.0275398140028205
93018 1984 0.5 0.11111111098844782
87802 5349 4.5 0.9494949482184244
23230 590 3.5 0.7069444435246267
90991 3593 1.5 0.30303030274621207
64667 593 4.5 0.12906504051082504
54427 590 4.5 0.7069444435246267
90241 1080 3.0 0.38636363588068173
20076 593 3.5 0.12906504051082504
21237 590 5.0 0.7069444435246267
7030 3409 4.0 1.901960782955182
56407 1270 2.0 0.10724233969550587
114605 2716 4.0 1.2121848722966007
130178 1288 4.0 0.4389312972222221
51456 54736 3.5 0.6499999990782709
5596 1203 4.0 0.8382352931862742
116481 3751 3.0 0.0033783783758447265
48000 1270 4.5 0.10724233969550587
103899 3751 3.5 0.0033783783758447265
133343 111 4.0 0.9257142849942861
93018 648 4.0 0.13822525584172418
122691 590 3.0 0.7069444435246267
75015 150 4.5 0.6358974351251885
130622 1270 3.0 0.10724233969550587
110653 160 2.5 1.0275398140028205
100369 1079 3.0 0.12202380937738075
120773 593 4.5 0.12906504051082504
119267 1288 5.0 0.4389312972222221
54042 590 3.5 0.7069444435246267
16343 1358 4.5 0.03389830504222592
23613 3751 4.0 0.0033783783758447265
23648 72998 3.0 0.2111111108424244
47261 1265 1.0 0.4199999994184615
28 593 3.5 0.12906504051082504
55903 102125 5.0 0.026315789444444307
110571 593 5.0 0.12906504051082504
64667 1270 4.0 0.10724233969550587
19953 150 3.5 0.6358974351251885
114982 455 2.5 0.2761194026043361
66054 150 3.5 0.6358974351251885
130622 37386 0.5 0.6304347818741649
70037 1079 4.0 0.12202380937738075
78253 72998 5.0 0.2111111108424244
85778 3751 3.0 0.0033783783758447265
45039 60684 4.0 1.2647058809477123
28408 5349 0.5 0.9494949482184244
133689 1265 3.0 0.4199999994184615
40967 1288 4.5 0.4389312972222221
107268 648 4.5 0.13822525584172418
115393 1203 3.0 0.8382352931862742
82981 34405 5.0 0.5147058816666666
75013 5349 3.5 0.9494949482184244
85778 1265 0.5 0.4199999994184615
40167 593 5.0 0.12906504051082504
99235 590 4.0 0.7069444435246267
8617 160 5.0 1.0275398140028205
53908 2701 3.0 0.40404040346769426
19090 593 5.0 0.12906504051082504
54064 593 4.5 0.12906504051082504
40850 913 3.0 0.8465346524071785
73676 1079 3.0 0.12202380937738075
70841 593 2.5 0.12906504051082504
89651 590 2.0 0.7069444435246267
61058 593 0.5 0.12906504051082504
15605 1265 3.5 0.4199999994184615
94000 1270 3.5 0.10724233969550587
109028 54736 3.5 0.6499999990782709
97163 102125 3.5 0.026315789444444307
18222 150 4.0 0.6358974351251885
17851 1079 4.0 0.12202380937738075
65563 1270 2.5 0.10724233969550587
121141 150 4.0 0.6358974351251885
27894 475 4.5 0.8292682917615175
93234 72998 4.0 0.2111111108424244
16343 590 4.0 0.7069444435246267
120991 913 5.0 0.8465346524071785
130656 593 5.0 0.12906504051082504
101111 2716 5.0 1.2121848722966007
9485 590 1.5 0.7069444435246267
103326 342 5.0 0.2631578944331983
72107 1265 3.0 0.4199999994184615
34167 1080 4.5 0.38636363588068173
130498 150 2.5 0.6358974351251885
89989 1358 3.5 0.03389830504222592
89989 1265 5.0 0.4199999994184615
18515 72998 2.5 0.2111111108424244
80668 6218 4.5 0.49999999978571424
97182 160 3.5 1.0275398140028205
112875 2716 4.5 1.2121848722966007
61225 5349 5.0 0.9494949482184244
12599 1270 3.5 0.10724233969550587
90991 2701 2.0 0.40404040346769426
98658 72998 4.0 0.2111111108424244
68408 593 3.5 0.12906504051082504
90689 2716 5.0 1.2121848722966007
50575 1203 3.5 0.8382352931862742
31395 593 3.0 0.12906504051082504
110565 590 5.0 0.7069444435246267
15520 1270 3.5 0.10724233969550587
116013 2404 1.5 1.2857142839403384
27765 590 5.0 0.7069444435246267
39965 593 4.5 0.12906504051082504
3376 1080 3.5 0.38636363588068173
88889 2716 5.0 1.2121848722966007
54043 1270 4.5 0.10724233969550587
135799 5349 3.0 0.9494949482184244
27816 1203 4.5 0.8382352931862742
24814 1080 4.0 0.38636363588068173
60008 76 3.0 1.4318181798339695
44576 160 2.5 1.0275398140028205
95234 1358 5.0 0.03389830504222592
11449 111 5.0 0.9257142849942861
131646 2716 1.5 1.2121848722966007
81022 150 4.5 0.6358974351251885
134909 475 5.0 0.8292682917615175
44576 2701 2.5 0.40404040346769426
83338 913 5.0 0.8465346524071785
132585 150 3.5 0.6358974351251885
51456 63876 3.5 0.8653846146634616
95547 1079 4.0 0.12202380937738075
123063 72998 4.5 0.2111111108424244
82981 1270 3.0 0.10724233969550587
25484 150 5.0 0.6358974351251885
56407 2716 2.0 1.2121848722966007
92151 1270 4.0 0.10724233969550587
20398 648 2.5 0.13822525584172418
119055 195 4.0 0.17857142834415565
123076 1265 3.0 0.4199999994184615
73676 186 2.5 2.046874997821436
11956 593 4.0 0.12906504051082504
129370 342 3.0 0.2631578944331983
37535 60684 5.0 1.2647058809477123
27041 1265 4.0 0.4199999994184615
107909 1080 4.0 0.38636363588068173
41552 106696 4.5 0.1666666664393938
96475 648 3.0 0.13822525584172418
96218 342 2.0 0.2631578944331983
99602 160 1.5 1.0275398140028205
40416 1079 4.5 0.12202380937738075
137550 1270 4.5 0.10724233969550587
3513 5349 2.5 0.9494949482184244
57333 6166 3.5 1.166666665733333
109485 186 2.5 2.046874997821436
55578 590 4.0 0.7069444435246267
63239 342 3.0 0.2631578944331983
88311 593 5.0 0.12906504051082504
30047 2688 3.0 0.1571428570142856
97295 590 4.0 0.7069444435246267
58953 191 3.0 0.4999999994
13023 34405 2.0 0.5147058816666666
17851 5349 4.0 0.9494949482184244
78595 186 2.0 2.046874997821436
84466 590 3.0 0.7069444435246267
50161 590 4.5 0.7069444435246267
31552 1203 5.0 0.8382352931862742
121978 1270 4.5 0.10724233969550587
38159 1265 5.0 0.4199999994184615
110653 648 1.5 0.13822525584172418
93018 593 2.5 0.12906504051082504
119055 1270 5.0 0.10724233969550587
126291 593 4.5 0.12906504051082504
127468 7454 3.0 0.9024390231885105
58953 49274 3.0 0.1999999997272729
58456 1079 4.5 0.12202380937738075
80590 1203 5.0 0.8382352931862742
54042 2808 2.5 0.5645161283022234
134128 593 4.5 0.12906504051082504
136115 590 4.0 0.7069444435246267
2752 1270 4.5 0.10724233969550587
25604 648 4.5 0.13822525584172418
89328 648 4.5 0.13822525584172418
58395 111 5.0 0.9257142849942861
72717 455 2.5 0.2761194026043361
63419 593 5.0 0.12906504051082504
1237 150 4.0 0.6358974351251885
19896 186 2.5 2.046874997821436
51331 648 4.0 0.13822525584172418
50575 593 4.0 0.12906504051082504
96370 3751 4.0 0.0033783783758447265
82624 1265 3.5 0.4199999994184615
38159 590 3.5 0.7069444435246267
45789 3751 4.5 0.0033783783758447265
33855 590 3.5 0.7069444435246267
108325 2716 4.5 1.2121848722966007
54061 150 4.5 0.6358974351251885
120850 593 3.5 0.12906504051082504
17851 455 2.0 0.2761194026043361
83248 590 4.5 0.7069444435246267
11449 590 4.0 0.7069444435246267
77813 59258 4.5 0.2272727269683937
61565 1270 4.5 0.10724233969550587
119274 1265 4.5 0.4199999994184615
6417 1265 5.0 0.4199999994184615
4979 593 4.0 0.12906504051082504
65135 648 2.0 0.13822525584172418
80099 3968 4.5 0.7499999989969884
119052 150 4.0 0.6358974351251885
10721 648 4.0 0.13822525584172418
88085 1080 1.5 0.38636363588068173
119255 593 4.0 0.12906504051082504
9505 150 4.5 0.6358974351251885
45125 2716 4.0 1.2121848722966007
124565 34405 5.0 0.5147058816666666
80590 1079 5.0 0.12202380937738075
72428 2716 3.0 1.2121848722966007
127468 2716 3.5 1.2121848722966007
79224 2701 1.5 0.40404040346769426
60462 593 5.0 0.12906504051082504
4551 1079 2.5 0.12202380937738075
82981 3802 3.5 1.6666666651159938
6077 3751 4.0 0.0033783783758447265
23313 2688 2.5 0.1571428570142856
133444 593 3.5 0.12906504051082504
71658 111 5.0 0.9257142849942861
54064 455 4.0 0.2761194026043361
44321 7454 3.0 0.9024390231885105
22128 593 3.5 0.12906504051082504
137576 160 1.5 1.0275398140028205
9485 2716 2.5 1.2121848722966007
106751 3593 2.0 0.30303030274621207
46242 3593 4.0 0.30303030274621207
12892 3751 3.5 0.0033783783758447265
78070 5349 3.0 0.9494949482184244
40446 593 3.0 0.12906504051082504
135799 590 1.0 0.7069444435246267
130622 648 2.0 0.13822525584172418
133689 648 4.0 0.13822525584172418
58258 455 3.5 0.2761194026043361
58953 6166 3.5 1.166666665733333
77491 1203 4.0 0.8382352931862742
72455 1265 2.5 0.4199999994184615
70280 160 2.0 1.0275398140028205
100431 593 4.5 0.12906504051082504
70841 648 5.0 0.13822525584172418
101858 593 4.5 0.12906504051082504
115926 3409 1.5 1.901960782955182
78464 111 4.5 0.9257142849942861
33077 593 2.5 0.12906504051082504
126093 3751 4.0 0.0033783783758447265
13184 590 2.5 0.7069444435246267
82981 3751 4.5 0.0033783783758447265
115926 111 5.0 0.9257142849942861
58395 3751 4.0 0.0033783783758447265
55578 648 5.0 0.13822525584172418
131042 455 2.5 0.2761194026043361
97163 5349 2.5 0.9494949482184244
136696 150 4.5 0.6358974351251885
109888 3802 3.5 1.6666666651159938
31486 3751 4.0 0.0033783783758447265
43033 160 2.0 1.0275398140028205
135438 593 5.0 0.12906504051082504
52667 455 2.0 0.2761194026043361
3376 590 2.5 0.7069444435246267
72455 1270 3.5 0.10724233969550587
134513 1265 4.5 0.4199999994184615
133689 60684 1.5 1.2647058809477123
90812 6218 5.0 0.49999999978571424
103006 590 4.5 0.7069444435246267
79222 150 3.5 0.6358974351251885
67840 593 4.0 0.12906504051082504
27894 2701 2.0 0.40404040346769426
78579 648 4.0 0.13822525584172418
85778 5349 5.0 0.9494949482184244
134128 111 3.5 0.9257142849942861
119700 1265 3.5 0.4199999994184615
45360 186 3.5 2.046874997821436
81997 150 4.5 0.6358974351251885
54042 593 5.0 0.12906504051082504
127468 1080 4.5 0.38636363588068173
115427 72998 4.0 0.2111111108424244
38159 1270 4.5 0.10724233969550587
63239 160 3.0 1.0275398140028205
120834 593 4.5 0.12906504051082504
114982 6166 2.5 1.166666665733333
20634 150 4.5 0.6358974351251885
14086 126 2.5 0.15384615377773495
80099 3751 4.5 0.0033783783758447265
132681 111 4.0 0.9257142849942861
4186 590 4.5 0.7069444435246267
103006 593 4.5 0.12906504051082504
55903 593 4.5 0.12906504051082504
122083 6218 3.5 0.49999999978571424
115959 150 5.0 0.6358974351251885
55265 2716 4.0 1.2121848722966007
64667 1079 5.0 0.12202380937738075
76771 160 1.5 1.0275398140028205
40446 34405 3.5 0.5147058816666666
52251 150 5.0 0.6358974351251885
124748 111 3.5 0.9257142849942861
29660 1265 3.0 0.4199999994184615
136115 1203 5.0 0.8382352931862742
5362 1288 4.5 0.4389312972222221
121707 111 2.0 0.9257142849942861
12599 593 4.0 0.12906504051082504
55903 3751 4.0 0.0033783783758447265
69360 34405 4.5 0.5147058816666666
92610 1358 2.5 0.03389830504222592
26165 150 5.0 0.6358974351251885
31551 593 4.5 0.12906504051082504
132920 593 3.5 0.12906504051082504
57333 455 4.5 0.2761194026043361
132681 455 3.0 0.2761194026043361
54068 1270 4.5 0.10724233969550587
102302 2716 3.0 1.2121848722966007
109391 342 5.0 0.2631578944331983
37296 2808 4.0 0.5645161283022234
61187 1270 4.5 0.10724233969550587
59443 150 5.0 0.6358974351251885
1259 590 4.0 0.7069444435246267
39035 3751 4.5 0.0033783783758447265
55475 593 4.0 0.12906504051082504
71365 1270 4.0 0.10724233969550587
20452 1270 5.0 0.10724233969550587
121787 1270 2.5 0.10724233969550587
9485 111 4.5 0.9257142849942861
64030 150 4.5 0.6358974351251885
76036 126 3.5 0.15384615377773495
107593 1265 3.5 0.4199999994184615
116481 2716 2.5 1.2121848722966007
136115 111 4.5 0.9257142849942861
76615 593 4.5 0.12906504051082504
97845 60684 4.5 1.2647058809477123
21428 111 4.5 0.9257142849942861
95993 186 1.5 2.046874997821436
80590 111 3.5 0.9257142849942861
7382 913 4.0 0.8465346524071785
73676 2716 2.5 1.2121848722966007
119690 342 3.0 0.2631578944331983
7142 1270 1.5 0.10724233969550587
53552 593 5.0 0.12906504051082504
44576 54736 2.5 0.6499999990782709
6069 1270 5.0 0.10724233969550587
44794 1079 4.0 0.12202380937738075
27041 6218 2.5 0.49999999978571424
116481 1203 5.0 0.8382352931862742
107646 342 0.5 0.2631578944331983
43728 2716 4.5 1.2121848722966007
107215 49274 3.0 0.1999999997272729
119267 2716 4.0 1.2121848722966007
27019 913 5.0 0.8465346524071785
72170 111 5.0 0.9257142849942861
93234 150 4.5 0.6358974351251885
138140 1270 3.5 0.10724233969550587
93414 2716 3.0 1.2121848722966007
88979 593 4.5 0.12906504051082504
29686 1270 5.0 0.10724233969550587
20452 2716 3.5 1.2121848722966007
39497 1270 3.0 0.10724233969550587
76481 111 3.0 0.9257142849942861
15701 3409 3.5 1.901960782955182
43728 593 4.5 0.12906504051082504
66678 2716 4.0 1.2121848722966007
85922 1079 4.0 0.12202380937738075
67245 590 3.5 0.7069444435246267
133285 5349 2.5 0.9494949482184244
85803 72998 4.5 0.2111111108424244
11039 6218 1.5 0.49999999978571424
7382 1265 3.0 0.4199999994184615
111033 1270 3.5 0.10724233969550587
3376 2017 3.0 1.1999999985004595
119918 590 5.0 0.7069444435246267
23376 590 3.5 0.7069444435246267
97698 150 4.0 0.6358974351251885
120524 1080 3.5 0.38636363588068173
6417 590 3.0 0.7069444435246267
106695 76 1.5 1.4318181798339695
120413 648 2.5 0.13822525584172418
130622 150 4.0 0.6358974351251885
18515 111 4.0 0.9257142849942861
62611 1270 4.5 0.10724233969550587
11449 1288 4.0 0.4389312972222221
130834 3751 4.0 0.0033783783758447265
123945 1079 1.5 0.12202380937738075
27041 5349 3.5 0.9494949482184244
123945 2701 1.5 0.40404040346769426
38159 913 4.0 0.8465346524071785
135295 1079 4.5 0.12202380937738075
43728 1270 3.0 0.10724233969550587
80099 590 4.0 0.7069444435246267
28457 5349 4.0 0.9494949482184244
57167 111 5.0 0.9257142849942861
78579 590 4.0 0.7069444435246267
38882 593 5.0 0.12906504051082504
23627 5349 4.5 0.9494949482184244
126093 5349 4.5 0.9494949482184244
44576 1358 4.5 0.03389830504222592
93234 6166 2.0 1.166666665733333
102083 593 4.5 0.12906504051082504
85612 455 4.0 0.2761194026043361
136451 455 4.5 0.2761194026043361
116464 1270 1.5 0.10724233969550587
31486 1203 4.5 0.8382352931862742
27041 342 1.5 0.2631578944331983
21283 648 3.0 0.13822525584172418
27089 5349 5.0 0.9494949482184244
34437 2976 5.0 0.14062499986816404
124803 342 5.0 0.2631578944331983
23284 1358 4.5 0.03389830504222592
89820 475 3.5 0.8292682917615175
50575 475 4.5 0.8292682917615175
134513 1358 4.5 0.03389830504222592
27894 593 3.5 0.12906504051082504
21156 102125 4.0 0.026315789444444307
123558 3409 3.0 1.901960782955182
2487 3409 1.0 1.901960782955182
63149 1079 2.0 0.12202380937738075
97750 3751 3.5 0.0033783783758447265
19791 913 4.5 0.8465346524071785
17706 2701 5.0 0.40404040346769426
3990 1358 3.0 0.03389830504222592
11986 150 3.5 0.6358974351251885
25484 1080 5.0 0.38636363588068173
27000 590 5.0 0.7069444435246267
106723 475 4.0 0.8292682917615175
3951 1270 4.5 0.10724233969550587
76771 1079 3.5 0.12202380937738075
109888 37386 2.5 0.6304347818741649
100369 72998 4.0 0.2111111108424244
25005 2716 1.5 1.2121848722966007
13068 1270 5.0 0.10724233969550587
50104 186 5.0 2.046874997821436
33077 590 3.5 0.7069444435246267
137550 593 4.5 0.12906504051082504
120991 2701 1.0 0.40404040346769426
110571 1288 4.5 0.4389312972222221
93001 593 4.0 0.12906504051082504
74325 1079 5.0 0.12202380937738075
21237 593 2.5 0.12906504051082504
131372 593 5.0 0.12906504051082504
102659 1270 4.0 0.10724233969550587
34312 60684 5.0 1.2647058809477123
91482 150 3.5 0.6358974351251885
85778 1080 1.5 0.38636363588068173
80590 1080 4.0 0.38636363588068173
120279 648 4.0 0.13822525584172418
89651 1080 3.5 0.38636363588068173
78253 42728 4.0 0.12499999982274441
30535 913 4.5 0.8465346524071785
38562 160 1.5 1.0275398140028205
16097 342 4.0 0.2631578944331983
92889 150 4.5 0.6358974351251885
17454 5349 4.0 0.9494949482184244
97182 648 5.0 0.13822525584172418
110420 2034 1.5 1.5434782591545897
96492 593 5.0 0.12906504051082504
110532 150 3.0 0.6358974351251885
114605 111 4.5 0.9257142849942861
11956 34405 3.5 0.5147058816666666
70037 3751 5.0 0.0033783783758447265
21489 2701 5.0 0.40404040346769426
5005 1265 4.0 0.4199999994184615
19687 150 4.5 0.6358974351251885
38860 5349 4.0 0.9494949482184244
1343 593 3.5 0.12906504051082504
115393 1288 3.5 0.4389312972222221
45125 1080 3.0 0.38636363588068173
130622 191 2.5 0.4999999994
3513 195 4.0 0.17857142834415565
11986 1203 4.0 0.8382352931862742
63328 2976 2.5 0.14062499986816404
39497 1265 3.0 0.4199999994184615
779 1270 5.0 0.10724233969550587
130622 111 4.0 0.9257142849942861
77491 2716 3.5 1.2121848722966007
107909 648 2.0 0.13822525584172418
42 593 5.0 0.12906504051082504
14809 1079 4.0 0.12202380937738075
4186 593 4.5 0.12906504051082504
23627 2716 4.5 1.2121848722966007
93915 1080 4.0 0.38636363588068173
75326 1079 3.0 0.12202380937738075
27729 5349 4.0 0.9494949482184244
107593 111 4.0 0.9257142849942861
25484 2716 4.0 1.2121848722966007
62489 160 4.5 1.0275398140028205
95547 2716 3.0 1.2121848722966007
130005 3593 2.0 0.30303030274621207
37296 593 4.0 0.12906504051082504
3948 49274 1.5 0.1999999997272729
21152 3751 3.5 0.0033783783758447265
4197 111 4.5 0.9257142849942861
136115 648 4.0 0.13822525584172418
136898 5349 3.5 0.9494949482184244
79727 1270 4.5 0.10724233969550587
25297 648 4.5 0.13822525584172418
54064 475 4.5 0.8292682917615175
124289 186 2.5 2.046874997821436
133654 1080 3.5 0.38636363588068173
17925 648 4.0 0.13822525584172418
79435 593 4.0 0.12906504051082504
85862 111 0.5 0.9257142849942861
87164 2701 2.0 0.40404040346769426
27041 3409 2.5 1.901960782955182
62016 2688 5.0 0.1571428570142856
93018 76 1.0 1.4318181798339695
130773 6166 2.5 1.166666665733333
43119 1270 4.5 0.10724233969550587
73057 590 5.0 0.7069444435246267
96492 590 4.0 0.7069444435246267
62387 1265 4.0 0.4199999994184615
130622 593 4.5 0.12906504051082504
51456 27611 4.0 1.0740740726419753
119242 593 4.0 0.12906504051082504
100431 150 4.5 0.6358974351251885
120773 2808 5.0 0.5645161283022234
93414 590 4.0 0.7069444435246267
10721 2716 3.5 1.2121848722966007
71782 648 2.5 0.13822525584172418
5362 1265 3.5 0.4199999994184615
127601 1270 4.0 0.10724233969550587
74181 342 4.0 0.2631578944331983
69584 186 2.5 2.046874997821436
120773 150 4.5 0.6358974351251885
3513 2688 4.5 0.1571428570142856
91568 150 5.0 0.6358974351251885
37535 593 4.5 0.12906504051082504
125680 1270 5.0 0.10724233969550587
90991 3409 3.5 1.901960782955182
115959 54736 4.0 0.6499999990782709
3513 186 4.0 2.046874997821436
54043 1288 4.0 0.4389312972222221
37296 590 4.0 0.7069444435246267
107935 150 3.5 0.6358974351251885
13068 648 4.5 0.13822525584172418
80673 590 5.0 0.7069444435246267
83248 1079 3.5 0.12202380937738075
88136 2701 3.5 0.40404040346769426
27894 195 2.5 0.17857142834415565
105187 342 2.5 0.2631578944331983
23627 590 4.5 0.7069444435246267
55224 111 3.0 0.9257142849942861
95547 42728 2.5 0.12499999982274441
112875 150 4.0 0.6358974351251885
95993 1079 4.0 0.12202380937738075
65563 150 5.0 0.6358974351251885
27019 1265 4.0 0.4199999994184615
66496 455 4.5 0.2761194026043361
121959 2701 0.5 0.40404040346769426
127601 150 3.5 0.6358974351251885
7713 111 3.5 0.9257142849942861
130622 7454 1.0 0.9024390231885105
124395 455 4.5 0.2761194026043361
100369 63876 4.5 0.8653846146634616
33471 913 4.5 0.8465346524071785
67245 72998 3.5 0.2111111108424244
38159 648 3.5 0.13822525584172418
119055 2034 5.0 1.5434782591545897
34312 34405 4.0 0.5147058816666666
59443 186 2.5 2.046874997821436
3246 1080 3.5 0.38636363588068173
50875 593 4.5 0.12906504051082504
129262 150 4.5 0.6358974351251885
88512 1080 3.5 0.38636363588068173
93018 1288 4.5 0.4389312972222221
92610 2976 3.5 0.14062499986816404
76908 1288 4.5 0.4389312972222221
118529 2716 4.0 1.2121848722966007
100369 593 4.5 0.12906504051082504
63742 648 4.5 0.13822525584172418
93018 3968 3.0 0.7499999989969884
11986 111 3.5 0.9257142849942861
62387 186 0.5 2.046874997821436
8788 5349 4.0 0.9494949482184244
135295 342 3.5 0.2631578944331983
85612 150 5.0 0.6358974351251885
130622 186 1.5 2.046874997821436
4728 72998 4.5 0.2111111108424244
70280 593 5.0 0.12906504051082504
55903 1288 3.0 0.4389312972222221
136829 590 2.5 0.7069444435246267
71722 1079 4.5 0.12202380937738075
111981 3751 4.0 0.0033783783758447265
70274 150 5.0 0.6358974351251885
137205 2716 4.5 1.2121848722966007
98658 34405 5.0 0.5147058816666666
2836 1079 2.5 0.12202380937738075
95887 590 4.0 0.7069444435246267
106723 342 3.0 0.2631578944331983
13184 1079 4.0 0.12202380937738075
11039 2716 2.0 1.2121848722966007
73676 1270 3.0 0.10724233969550587
