22128 593 3.5 0.12906504051082504
40446 34405 3.5 0.5147058816666666
114605 111 4.5 0.9257142849942861
50575 593 4.0 0.12906504051082504
124289 186 2.5 2.046874997821436
11956 593 4.0 0.12906504051082504
135008 160 1.5 1.0275398140028205
109028 54736 3.5 0.6499999990782709
51456 54736 3.5 0.6499999990782709
38159 648 3.5 0.13822525584172418
20452 2716 3.5 1.2121848722966007
95547 1079 4.0 0.12202380937738075
71365 218 4.0 1.3653846133934295
27894 593 3.5 0.12906504051082504
109888 37386 2.5 0.6304347818741649
19090 2396 5.0 1.2146226397711917
27894 195 2.5 0.17857142834415565
85778 1265 0.5 0.4199999994184615
109888 3802 3.5 1.6666666651159938
38882 593 5.0 0.12906504051082504
40167 593 5.0 0.12906504051082504
70037 3751 5.0 0.0033783783758447265
80312 2396 5.0 1.2146226397711917
97845 60684 4.5 1.2647058809477123
110571 1288 4.5 0.4389312972222221
96370 3751 4.0 0.0033783783758447265
7713 111 3.5 0.9257142849942861
107909 1080 4.0 0.38636363588068173
93018 3968 3.0 0.7499999989969884
102302 2716 3.0 1.2121848722966007
51507 4643 1.5 0.06593406582406332
74325 329 4.0 0.7629107970064639
62387 1265 4.0 0.4199999994184615
102083 218 2.5 1.3653846133934295
98658 34405 5.0 0.5147058816666666
109391 593 4.5 0.12906504051082504
11039 2716 2.0 1.2121848722966007
3376 1282 5.0 0.13999999979318195
88889 2716 5.0 1.2121848722966007
15605 1265 3.5 0.4199999994184615
9485 111 4.5 0.9257142849942861
58953 49274 3.0 0.1999999997272729
70037 2396 4.5 1.2146226397711917
25484 2716 4.0 1.2121848722966007
111981 186 3.0 2.046874997821436
14891 1438 3.5 0.3020833328931351
136115 648 4.0 0.13822525584172418
97750 3751 3.5 0.0033783783758447265
120491 923 4.0 0.28666666625714327
76771 1079 3.5 0.12202380937738075
80590 1080 4.0 0.38636363588068173
8617 160 5.0 1.0275398140028205
120413 648 2.5 0.13822525584172418
130622 186 1.5 2.046874997821436
4916 218 3.5 1.3653846133934295
110653 648 1.5 0.13822525584172418
93234 3262 2.0 0.10869565201515527
127468 2716 3.5 1.2121848722966007
124565 34405 5.0 0.5147058816666666
93018 593 2.5 0.12906504051082504
78595 186 2.0 2.046874997821436
3513 195 4.0 0.17857142834415565
44321 7454 3.0 0.9024390231885105
121707 111 2.0 0.9257142849942861
82445 218 1.5 1.3653846133934295
54042 593 5.0 0.12906504051082504
130178 1288 4.0 0.4389312972222221
78253 42728 4.0 0.12499999982274441
89820 475 3.5 0.8292682917615175
77491 2716 3.5 1.2121848722966007
10721 648 4.0 0.13822525584172418
11956 34405 3.5 0.5147058816666666
95428 593 4.5 0.12906504051082504
110959 923 4.5 0.28666666625714327
111917 111 5.0 0.9257142849942861
39801 31 3.5 1.7159090882586592
66496 455 4.5 0.2761194026043361
57333 455 4.5 0.2761194026043361
123945 2701 1.5 1.1173550096147764
119242 593 4.0 0.12906504051082504
45039 60684 4.0 1.2647058809477123
45125 2716 4.0 1.2121848722966007
85778 1080 1.5 0.38636363588068173
63149 1079 2.0 0.12202380937738075
40416 1079 4.5 0.12202380937738075
30312 1274 2.0 0.6803278678603142
124748 111 3.5 0.9257142849942861
90991 3593 1.5 0.30303030274621207
54064 475 4.5 0.8292682917615175
116013 2404 1.5 1.2857142839403384
73368 1282 5.0 0.13999999979318195
55903 2396 4.0 1.2146226397711917
103006 593 4.5 0.12906504051082504
11039 923 4.0 0.28666666625714327
19896 186 2.5 2.046874997821436
55475 475 4.0 0.8292682917615175
133343 37382 2.0 0.22222222190167104
119700 218 4.5 1.3653846133934295
17851 455 2.0 0.2761194026043361
78464 111 4.5 0.9257142849942861
62016 2688 5.0 0.1571428570142856
41552 106696 4.5 0.1666666664393938
71658 31 2.0 1.7159090882586592
89328 648 4.5 0.13822525584172418
37535 593 4.5 0.12906504051082504
54064 455 4.0 0.2761194026043361
60462 593 5.0 0.12906504051082504
38882 2396 4.0 1.2146226397711917
97182 160 3.5 1.0275398140028205
39528 1282 5.0 0.13999999979318195
70841 237 4.0 0.1938775507276026
131042 455 2.5 0.2761194026043361
100431 593 4.5 0.12906504051082504
72717 329 5.0 0.7629107970064639
54043 1288 4.0 0.4389312972222221
107605 5171 3.5 1.35897435694106
74325 1079 5.0 0.12202380937738075
23313 2688 2.5 0.1571428570142856
55475 593 4.0 0.12906504051082504
25484 1080 5.0 0.38636363588068173
101509 329 3.5 0.7629107970064639
130005 3593 2.0 0.30303030274621207
89989 1265 5.0 0.4199999994184615
76091 2396 4.5 1.2146226397711917
126291 593 4.5 0.12906504051082504
97182 648 5.0 0.13822525584172418
4347 923 5.0 0.28666666625714327
97112 923 3.5 0.28666666625714327
71658 111 5.0 0.9257142849942861
25604 648 4.5 0.13822525584172418
37296 2808 4.0 0.5645161283022234
89328 329 2.5 0.7629107970064639
10721 1438 2.5 0.3020833328931351
44576 2701 2.5 1.1173550096147764
116481 3751 3.0 0.0033783783758447265
79435 593 4.0 0.12906504051082504
114982 6166 2.5 1.166666665733333
61058 593 0.5 0.12906504051082504
45548 1282 3.0 0.13999999979318195
106723 475 4.0 0.8292682917615175
15701 3409 3.5 1.901960782955182
31551 593 4.5 0.12906504051082504
95547 42728 2.5 0.12499999982274441
31552 1203 5.0 0.8382352931862742
3376 2017 3.0 1.1999999985004595
114383 648 4.5 0.13822525584172418
101111 2716 5.0 1.2121848722966007
55361 329 3.0 0.7629107970064639
126823 923 3.5 0.28666666625714327
115393 1288 3.5 0.4389312972222221
2487 3409 1.0 1.901960782955182
23613 3751 4.0 0.0033783783758447265
133689 1265 3.0 0.4199999994184615
5362 1265 3.5 0.4199999994184615
76036 126 3.5 0.15384615377773495
17925 648 4.0 0.13822525584172418
122973 640 3.0 0.5555555547619045
100369 1079 3.0 0.12202380937738075
133654 1080 3.5 0.38636363588068173
13671 640 3.5 0.5555555547619045
123945 1079 1.5 0.12202380937738075
114753 329 3.0 0.7629107970064639
34167 1080 4.5 0.38636363588068173
134128 111 3.5 0.9257142849942861
61187 923 4.5 0.28666666625714327
4197 111 4.5 0.9257142849942861
90812 6218 5.0 0.49999999978571424
73676 2716 2.5 1.2121848722966007
115959 54736 4.0 0.6499999990782709
114982 455 2.5 0.2761194026043361
131156 923 2.0 0.28666666625714327
136115 111 4.5 0.9257142849942861
13945 923 4.5 0.28666666625714327
80590 1203 5.0 0.8382352931862742
131372 593 5.0 0.12906504051082504
33077 593 2.5 0.12906504051082504
119242 4545 3.0 0.44444444378184306
13068 648 4.5 0.13822525584172418
8788 56171 3.5 0.15384615360591553
39801 329 3.5 0.7629107970064639
1343 593 3.5 0.12906504051082504
4186 329 3.5 0.7629107970064639
27019 1265 4.0 0.4199999994184615
21152 3751 3.5 0.0033783783758447265
101858 593 4.5 0.12906504051082504
17851 2396 4.0 1.2146226397711917
13671 329 4.5 0.7629107970064639
76908 1288 4.5 0.4389312972222221
95993 186 1.5 2.046874997821436
44576 54736 2.5 0.6499999990782709
58953 160 3.5 1.0275398140028205
43728 593 4.5 0.12906504051082504
88136 329 5.0 0.7629107970064639
40967 2443 2.5 1.1071428555612246
44576 160 2.5 1.0275398140028205
53908 2701 3.0 1.1173550096147764
126093 3751 4.0 0.0033783783758447265
130622 648 2.0 0.13822525584172418
60008 76 3.0 1.4318181798339695
54064 593 4.5 0.12906504051082504
116464 1265 4.0 0.4199999994184615
38159 1265 5.0 0.4199999994184615
50575 1203 3.5 0.8382352931862742
34312 60684 5.0 1.2647058809477123
122083 6218 3.5 0.49999999978571424
21428 111 4.5 0.9257142849942861
4551 1079 2.5 0.12202380937738075
121427 4643 3.0 0.06593406582406332
13184 1079 4.0 0.12202380937738075
23627 2716 4.5 1.2121848722966007
18515 111 4.0 0.9257142849942861
31486 3751 4.0 0.0033783783758447265
119055 195 4.0 0.17857142834415565
95547 2716 3.0 1.2121848722966007
112875 2716 4.5 1.2121848722966007
48690 1274 4.5 0.6803278678603142
84653 237 3.0 0.1938775507276026
7030 3409 4.0 1.901960782955182
27041 6218 2.5 0.49999999978571424
105676 1265 3.5 0.4199999994184615
95993 1079 4.0 0.12202380937738075
96370 2827 1.5 0.6999999989577879
3246 1080 3.5 0.38636363588068173
11449 111 5.0 0.9257142849942861
115653 1282 4.0 0.13999999979318195
88979 593 4.5 0.12906504051082504
25297 648 4.5 0.13822525584172418
5362 1288 4.5 0.4389312972222221
47261 1265 1.0 0.4199999994184615
88311 593 5.0 0.12906504051082504
90241 1080 3.0 0.38636363588068173
116481 923 5.0 0.28666666625714327
21237 593 2.5 0.12906504051082504
18515 593 2.5 0.12906504051082504
58395 111 5.0 0.9257142849942861
119700 1265 3.5 0.4199999994184615
103996 329 2.5 0.7629107970064639
80312 4643 1.0 0.06593406582406332
80590 111 3.5 0.9257142849942861
89651 1080 3.5 0.38636363588068173
80099 5171 3.0 1.35897435694106
134128 593 4.5 0.12906504051082504
93018 2396 3.0 1.2146226397711917
112875 5944 3.0 1.2968749981066294
31428 923 2.5 0.28666666625714327
28 593 3.5 0.12906504051082504
55903 102125 5.0 0.026315789444444307
114605 2716 4.0 1.2121848722966007
85778 3751 3.0 0.0033783783758447265
68408 593 3.5 0.12906504051082504
136696 31 4.0 1.7159090882586592
22549 329 3.5 0.7629107970064639
60462 923 5.0 0.28666666625714327
118529 2716 4.0 1.2121848722966007
63688 218 2.5 1.3653846133934295
9485 2716 2.5 1.2121848722966007
118614 2396 5.0 1.2146226397711917
40446 593 3.0 0.12906504051082504
62489 160 4.5 1.0275398140028205
120524 1080 3.5 0.38636363588068173
17706 2701 5.0 1.1173550096147764
120991 5308 1.0 1.6799999974073416
119267 1288 5.0 0.4389312972222221
72107 1265 3.0 0.4199999994184615
63419 593 5.0 0.12906504051082504
70841 648 5.0 0.13822525584172418
137550 593 4.5 0.12906504051082504
47261 2396 0.5 1.2146226397711917
61924 329 2.5 0.7629107970064639
100579 475 4.5 0.8292682917615175
64667 1079 5.0 0.12202380937738075
130622 7454 1.0 0.9024390231885105
72428 2716 3.0 1.2121848722966007
34437 2976 5.0 0.14062499986816404
72455 1265 2.5 0.4199999994184615
5005 329 2.5 0.7629107970064639
101749 329 3.5 0.7629107970064639
58456 1079 4.5 0.12202380937738075
88136 2701 3.5 1.1173550096147764
4979 593 4.0 0.12906504051082504
106695 76 1.5 1.4318181798339695
24814 1080 4.0 0.38636363588068173
120834 593 4.5 0.12906504051082504
45360 186 3.5 2.046874997821436
7713 329 2.5 0.7629107970064639
55578 648 5.0 0.13822525584172418
100579 2396 3.0 1.2146226397711917
76481 111 3.0 0.9257142849942861
119912 923 4.5 0.28666666625714327
130622 593 4.5 0.12906504051082504
93018 1288 4.5 0.4389312972222221
39965 593 4.5 0.12906504051082504
130773 6166 2.5 1.166666665733333
55903 593 4.5 0.12906504051082504
131042 31 2.0 1.7159090882586592
115393 1203 3.0 0.8382352931862742
42 593 5.0 0.12906504051082504
106751 3593 2.0 0.30303030274621207
51491 102125 2.5 0.026315789444444307
37535 60684 5.0 1.2647058809477123
18515 1274 4.0 0.6803278678603142
133444 593 3.5 0.12906504051082504
71782 648 2.5 0.13822525584172418
73676 1079 3.0 0.12202380937738075
65135 648 2.0 0.13822525584172418
10721 1079 3.5 0.12202380937738075
30535 2396 5.0 1.2146226397711917
116464 1282 4.5 0.13999999979318195
57710 4020 4.0 0.7999999987758479
80668 6218 4.5 0.49999999978571424
77813 59258 4.5 0.2272727269683937
44794 1079 4.0 0.12202380937738075
43033 160 2.0 1.0275398140028205
116481 2716 2.5 1.2121848722966007
6069 2716 4.0 1.2121848722966007
130656 593 5.0 0.12906504051082504
59443 186 2.5 2.046874997821436
12892 2396 5.0 1.2146226397711917
27894 475 4.5 0.8292682917615175
56414 2396 4.5 1.2146226397711917
110653 160 2.5 1.0275398140028205
71803 2396 3.5 1.2146226397711917
96492 593 5.0 0.12906504051082504
138199 648 3.5 0.13822525584172418
13068 218 3.5 1.3653846133934295
21489 2701 5.0 1.1173550096147764
44794 2396 3.5 1.2146226397711917
21283 648 3.0 0.13822525584172418
27894 2701 2.0 1.1173550096147764
107215 49274 3.0 0.1999999997272729
57167 111 5.0 0.9257142849942861
109485 186 2.5 2.046874997821436
111981 3751 4.0 0.0033783783758447265
119055 5308 4.0 1.6799999974073416
93234 6166 2.0 1.166666665733333
71722 1079 4.5 0.12202380937738075
34437 2827 1.0 0.6999999989577879
37296 593 4.0 0.12906504051082504
23613 2396 2.5 1.2146226397711917
51456 63876 3.5 0.8653846146634616
5005 1265 4.0 0.4199999994184615
95588 2369 3.0 2.489130431072909
110420 2034 1.5 1.5434782591545897
128907 329 2.5 0.7629107970064639
34312 34405 4.0 0.5147058816666666
119055 4545 5.0 0.44444444378184306
120991 2701 1.0 1.1173550096147764
111401 5944 3.0 1.2968749981066294
70037 1079 4.0 0.12202380937738075
40967 1288 4.5 0.4389312972222221
44515 648 3.5 0.13822525584172418
70841 593 2.5 0.12906504051082504
50575 475 4.5 0.8292682917615175
96218 2688 3.0 0.1571428570142856
39497 1265 3.0 0.4199999994184615
133417 4020 1.5 0.7999999987758479
14086 126 2.5 0.15384615377773495
26165 31 4.5 1.7159090882586592
93234 1274 4.0 0.6803278678603142
54913 160 3.5 1.0275398140028205
108325 2716 4.5 1.2121848722966007
10721 2716 3.5 1.2121848722966007
92332 2396 4.0 1.2146226397711917
18222 1282 3.5 0.13999999979318195
14809 1079 4.0 0.12202380937738075
20398 648 2.5 0.13822525584172418
51456 27611 4.0 1.0740740726419753
132681 111 4.0 0.9257142849942861
17851 593 5.0 0.12906504051082504
20076 593 3.5 0.12906504051082504
4848 1282 4.0 0.13999999979318195
50104 186 5.0 2.046874997821436
58953 191 3.0 0.4999999994
3513 186 4.0 2.046874997821436
136739 329 3.0 0.7629107970064639
93018 1984 0.5 0.11111111098844782
98469 237 5.0 0.1938775507276026
43728 2716 4.5 1.2121848722966007
89651 1282 3.5 0.13999999979318195
78579 2716 3.5 1.2121848722966007
89989 2396 5.0 1.2146226397711917
95887 329 4.0 0.7629107970064639
30911 1911 2.5 0.5624999991934185
25604 1438 2.5 0.3020833328931351
63328 2976 2.5 0.14062499986816404
90991 3409 3.5 1.901960782955182
107268 648 4.5 0.13822525584172418
120991 5046 1.0 0.37499999953125
79224 2701 1.5 1.1173550096147764
80099 3751 4.5 0.0033783783758447265
119255 593 4.0 0.12906504051082504
78579 648 4.0 0.13822525584172418
69584 186 2.5 2.046874997821436
93234 1080 5.0 0.38636363588068173
39035 3751 4.5 0.0033783783758447265
96218 1438 3.5 0.3020833328931351
52667 455 2.0 0.2761194026043361
63742 648 4.5 0.13822525584172418
90991 2701 2.0 1.1173550096147764
50875 593 4.5 0.12906504051082504
75326 1079 3.0 0.12202380937738075
107593 111 4.0 0.9257142849942861
38562 160 1.5 1.0275398140028205
132681 455 3.0 0.2761194026043361
7382 1265 3.0 0.4199999994184615
98228 1079 3.0 0.12202380937738075
70280 593 5.0 0.12906504051082504
58258 455 3.5 0.2761194026043361
42334 237 3.0 0.1938775507276026
97845 1911 2.5 0.5624999991934185
45789 3751 4.5 0.0033783783758447265
39705 1438 3.5 0.3020833328931351
3948 49274 1.5 0.1999999997272729
115926 5171 2.5 1.35897435694106
134513 1265 4.5 0.4199999994184615
72170 111 5.0 0.9257142849942861
103899 3751 3.5 0.0033783783758447265
9485 2369 4.5 2.489130431072909
100369 63876 4.5 0.8653846146634616
10721 2827 2.5 0.6999999989577879
130336 2396 5.0 1.2146226397711917
31395 593 3.0 0.12906504051082504
87164 2701 2.0 1.1173550096147764
64667 593 4.5 0.12906504051082504
111279 1274 4.5 0.6803278678603142
30047 2688 3.0 0.1571428570142856
115195 2396 5.0 1.2146226397711917
62387 186 0.5 2.046874997821436
11986 111 3.5 0.9257142849942861
85922 1079 4.0 0.12202380937738075
130834 3751 4.0 0.0033783783758447265
76771 160 1.5 1.0275398140028205
82981 3802 3.5 1.6666666651159938
25005 2716 1.5 1.2121848722966007
132920 593 3.5 0.12906504051082504
133689 60684 1.5 1.2647058809477123
85862 111 0.5 0.9257142849942861
55903 1288 3.0 0.4389312972222221
88085 1080 1.5 0.38636363588068173
27816 1203 4.5 0.8382352931862742
72717 455 2.5 0.2761194026043361
80590 1079 5.0 0.12202380937738075
123558 923 5.0 0.28666666625714327
69360 34405 4.5 0.5147058816666666
21156 102125 4.0 0.026315789444444307
120773 2808 5.0 0.5645161283022234
63239 160 3.0 1.0275398140028205
97163 102125 3.5 0.026315789444444307
4347 2396 2.5 1.2146226397711917
95993 5944 0.5 1.2968749981066294
55903 3751 4.0 0.0033783783758447265
96475 648 3.0 0.13822525584172418
80668 34405 2.5 0.5147058816666666
45125 1080 3.0 0.38636363588068173
17851 1079 4.0 0.12202380937738075
10937 2396 3.0 1.2146226397711917
119630 237 3.0 0.1938775507276026
96218 6166 2.5 1.166666665733333
57333 6166 3.5 1.166666665733333
46242 3593 4.0 0.30303030274621207
120773 2716 3.0 1.2121848722966007
115926 111 5.0 0.9257142849942861
107593 1265 3.5 0.4199999994184615
62611 1079 4.0 0.12202380937738075
35289 648 3.5 0.13822525584172418
12892 1911 4.5 0.5624999991934185
12892 3751 3.5 0.0033783783758447265
73676 186 2.5 2.046874997821436
53552 1282 4.0 0.13999999979318195
93234 923 4.0 0.28666666625714327
44321 4643 4.0 0.06593406582406332
100957 2369 1.5 2.489130431072909
60008 160 3.5 1.0275398140028205
4162 1282 5.0 0.13999999979318195
100369 593 4.5 0.12906504051082504
131646 2716 1.5 1.2121848722966007
77491 4545 3.0 0.44444444378184306
77491 1203 4.0 0.8382352931862742
76615 593 4.5 0.12906504051082504
123558 3409 3.0 1.901960782955182
9505 2396 3.5 1.2146226397711917
115926 3409 1.5 1.901960782955182
64030 329 3.5 0.7629107970064639
55265 2716 4.0 1.2121848722966007
4186 593 4.5 0.12906504051082504
120773 593 4.5 0.12906504051082504
133343 111 4.0 0.9257142849942861
93018 648 4.0 0.13822525584172418
48424 329 2.5 0.7629107970064639
83248 1079 3.5 0.12202380937738075
133689 648 4.0 0.13822525584172418
4347 1274 3.5 0.6803278678603142
119055 2034 5.0 1.5434782591545897
2836 1079 2.5 0.12202380937738075
82981 34405 5.0 0.5147058816666666
67840 593 4.0 0.12906504051082504
127468 7454 3.0 0.9024390231885105
77491 2369 3.5 2.489130431072909
7481 4545 3.5 0.44444444378184306
61058 1438 5.0 0.3020833328931351
137576 160 1.5 1.0275398140028205
13023 34405 2.0 0.5147058816666666
27041 3409 2.5 1.901960782955182
65373 923 5.0 0.28666666625714327
135438 593 5.0 0.12906504051082504
3376 1080 3.5 0.38636363588068173
99602 160 1.5 1.0275398140028205
93001 593 4.0 0.12906504051082504
119255 329 1.5 0.7629107970064639
3513 2688 4.5 0.1571428570142856
118009 2396 2.0 1.2146226397711917
4551 1438 1.5 0.3020833328931351
45125 923 5.0 0.28666666625714327
58395 2396 1.5 1.2146226397711917
127468 1080 4.5 0.38636363588068173
110571 593 5.0 0.12906504051082504
121959 2701 0.5 1.1173550096147764
360 923 4.5 0.28666666625714327
87846 2369 2.0 2.489130431072909
53552 593 5.0 0.12906504051082504
58721 923 3.5 0.28666666625714327
102083 593 4.5 0.12906504051082504
96218 1282 3.5 0.13999999979318195
136115 1203 5.0 0.8382352931862742
92610 2976 3.5 0.14062499986816404
58953 1911 3.0 0.5624999991934185
119274 1265 4.5 0.4199999994184615
107909 648 2.0 0.13822525584172418
41657 237 4.5 0.1938775507276026
4120 1274 4.5 0.6803278678603142
85612 455 4.0 0.2761194026043361
31486 1203 4.5 0.8382352931862742
5362 2396 4.5 1.2146226397711917
27041 1265 4.0 0.4199999994184615
29660 1265 3.0 0.4199999994184615
114753 1911 2.0 0.5624999991934185
50575 923 3.5 0.28666666625714327
13945 2396 3.0 1.2146226397711917
11449 1288 4.0 0.4389312972222221
11986 1203 4.0 0.8382352931862742
130622 191 2.5 0.4999999994
137205 2716 4.5 1.2121848722966007
123076 1265 3.0 0.4199999994184615
134909 475 5.0 0.8292682917615175
82981 3751 4.5 0.0033783783758447265
39437 329 3.0 0.7629107970064639
93414 2716 3.0 1.2121848722966007
82624 1265 3.5 0.4199999994184615
120279 648 4.0 0.13822525584172418
131047 923 5.0 0.28666666625714327
55224 111 3.0 0.9257142849942861
136451 455 4.5 0.2761194026043361
130622 37386 0.5 0.6304347818741649
11039 6218 1.5 0.49999999978571424
10753 329 4.5 0.7629107970064639
12599 593 4.0 0.12906504051082504
80099 3968 4.5 0.7499999989969884
128305 5944 0.5 1.2968749981066294
19090 593 5.0 0.12906504051082504
51261 5171 2.5 1.35897435694106
61679 2396 5.0 1.2146226397711917
93018 76 1.0 1.4318181798339695
20452 2034 2.5 1.5434782591545897
135295 1079 4.5 0.12202380937738075
127458 31 2.5 1.7159090882586592
86246 923 2.5 0.28666666625714327
124395 455 4.5 0.2761194026043361
94425 31 3.0 1.7159090882586592
120850 593 3.5 0.12906504051082504
56407 2716 2.0 1.2121848722966007
116481 1203 5.0 0.8382352931862742
75957 2369 3.5 2.489130431072909
90689 2716 5.0 1.2121848722966007
71365 1274 5.0 0.6803278678603142
90440 923 5.0 0.28666666625714327
66678 2716 4.0 1.2121848722966007
54042 2808 2.5 0.5645161283022234
6077 1274 4.0 0.6803278678603142
6077 3751 4.0 0.0033783783758447265
58953 6166 3.5 1.166666665733333
88512 1080 3.5 0.38636363588068173
130622 111 4.0 0.9257142849942861
6417 1265 5.0 0.4199999994184615
119267 2716 4.0 1.2121848722966007
16343 1265 5.0 0.4199999994184615
70280 160 2.0 1.0275398140028205
93915 1080 4.0 0.38636363588068173
51331 648 4.0 0.13822525584172418
58395 3751 4.0 0.0033783783758447265
5596 1203 4.0 0.8382352931862742
