20452 2306 2.5 2.6666666666666665
55903 512 4.5 3.5
106954 2268 3.0 3.5
97112 2065 4.5 3.5
123558 2993 4.5 5.0
119055 4545 5.0 2.5
78258 135 4.0 3.0
95547 5971 3.0 3.5
45125 1125 4.5 4.5
27894 1191 4.0 2.6666666666666665
80099 53894 4.0 3.5714285714285716
64667 1022 2.5 3.5
96370 3254 3.0 3.125
82981 750 5.0 2.75
101326 1198 5.0 3.5
112355 529 3.5 3.5
119055 1343 3.5 4.5
38075 4246 4.0 5.0
80668 110 5.0 2.25
3513 2112 2.5 3.125
58953 2779 2.5 3.0
78579 2819 4.0 4.5
91160 27904 3.5 3.625
2487 64620 1.5 3.0
10721 5500 4.5 4.0
58953 2300 2.5 3.375
97163 5530 4.0 4.5
87164 4848 2.5 3.5
80099 8860 3.0 5.0
51456 296 4.5 3.5
55903 70286 3.0 4.5
130496 43396 3.5 4.25
3513 153 3.5 3.1666666666666665
130773 2860 3.5 4.0
18515 72998 2.5 4.0
3948 2940 3.5 4.166666666666667
80099 2289 4.0 3.8333333333333335
3948 2987 3.0 3.25
12892 1614 3.0 4.0
27894 4121 4.0 2.5
51507 97938 2.5 3.3333333333333335
77491 2793 3.5 3.5
80668 253 3.0 3.0
97750 87232 4.5 3.8333333333333335
87846 2799 1.5 1.75
106695 76 1.5 3.5
10937 2375 1.0 2.0
64667 68954 4.0 3.0
8788 74545 3.5 4.0
45406 2370 3.0 3.3
39497 542 3.0 2.75
27729 1954 5.0 4.5
16257 1198 5.0 2.5
16343 1265 5.0 2.5
93234 7444 1.5 3.3
93234 34520 1.5 2.9
99276 2935 2.5 3.75
27894 296 0.5 4.5
116499 63082 3.5 3.5
3948 5364 4.0 2.0
4162 1282 5.0 3.5
95547 361 2.5 3.0
51507 8529 5.0 4.0
118347 4889 1.5 5.0
15701 8807 4.0 4.0
44452 780 3.5 3.5
59443 1219 3.5 2.5
71803 1249 4.0 1.5
44576 8972 3.0 2.1666666666666665
137550 5971 4.5 3.5
128305 1343 5.0 3.6666666666666665
27894 475 4.5 2.6666666666666665
17115 1625 4.5 4.0
100369 57640 3.5 3.5
10937 27904 3.5 2.5
96370 3671 2.5 3.0
66678 3930 3.5 3.5
40167 272 4.0 2.0
87164 3267 4.5 4.0
109888 4383 3.5 2.5
93234 6166 2.0 2.625
95993 33162 1.5 3.125
54068 132 1.5 3.5
130622 1687 2.5 2.75
64667 1701 3.5 3.5
64667 55118 3.5 4.5
9485 2970 2.5 3.0
15701 3697 2.5 2.5
18515 5507 2.5 2.6666666666666665
130622 45668 1.5 3.1666666666666665
58953 4447 4.5 3.75
27894 290 1.5 2.6666666666666665
4551 2622 3.5 3.0
115393 1269 4.0 4.5
80476 3208 1.5 2.6666666666666665
17851 2950 2.5 3.5
20398 3285 1.5 2.5
74777 527 2.5 4.0
127601 38061 5.0 3.5
119700 892 4.5 4.25
58953 2296 3.5 3.6666666666666665
119055 1207 5.0 4.0
39497 3265 3.0 3.1666666666666665
110959 95510 4.0 4.0
76010 1051 3.5 4.0
120991 1262 4.0 1.5
51507 27803 5.0 3.75
120991 3182 3.5 5.0
44079 1061 3.5 2.5
3948 6385 3.0 3.0
97163 66097 4.0 3.5
93234 1961 4.5 2.75
80099 7151 3.0 3.5
8838 1625 0.5 5.0
50575 943 3.5 3.3333333333333335
16257 344 5.0 4.5
3948 4816 4.0 3.75
17706 783 4.0 4.0
18515 33880 4.5 2.25
64667 1263 4.0 3.5
13068 1022 4.0 2.5
50575 931 3.0 3.5
128985 4036 3.0 4.5
4347 1956 3.0 3.0
17851 2617 4.5 4.0
55903 2968 2.5 2.0
64667 4432 4.5 4.0
3948 4023 3.0 4.75
80668 43396 4.5 4.0
10937 5602 3.5 3.0
97112 2206 3.0 4.0
3990 71535 4.5 3.5
97112 96610 3.0 4.0
27894 3334 4.0 3.4
51507 48696 4.5 3.5
53908 33164 4.0 3.5
91160 7090 4.0 3.5
4347 1051 3.5 2.0
90812 48516 5.0 3.5
51456 95088 4.0 3.5
54042 2808 2.5 0.5
50575 866 5.0 3.25
96370 47894 3.0 3.4
56090 986 3.5 5.0
40967 2065 2.5 3.5
95547 708 3.5 1.5
111279 994 5.0 4.5
23613 87306 3.0 3.5
55903 1198 4.0 3.0
30909 5135 4.5 5.0
71365 5816 4.0 3.0
9485 780 2.0 5.0
45406 1970 1.5 2.5
8788 58103 3.5 1.8333333333333333
96218 4621 3.5 3.0
115653 2076 3.5 3.0
27894 2478 3.5 3.5
15701 73323 4.0 3.2
80099 1378 3.5 3.5
130622 1269 4.5 2.5
75957 750 3.5 4.5
39611 3836 3.5 4.0
49210 4821 4.5 2.0
62387 2012 5.0 2.0
3513 3717 4.5 2.5
4347 1274 3.5 4.0
128985 3099 4.5 4.333333333333333
80099 708 4.5 4.0
130622 6754 2.0 4.0
16257 1527 4.0 2.5
62387 609 2.5 2.25
38075 2574 4.5 4.5
44576 47200 2.0 3.0
96218 457 4.0 2.0
93018 1707 1.0 4.0
58953 2137 4.5 3.1666666666666665
95547 68954 4.0 2.375
51331 3 3.0 3.5
62016 2860 4.5 4.5
4347 1089 3.5 2.0
80476 3477 5.0 3.5
44576 2724 1.5 3.5
64667 55814 4.5 3.5
4347 2291 3.0 1.75
27894 3142 2.0 2.8333333333333335
133689 103249 5.0 2.5
80312 2746 5.0 2.0
631 2002 3.5 0.5
119055 242 4.5 3.1666666666666665
128305 47518 3.0 4.0
80668 3534 4.0 3.25
130622 347 3.5 3.125
18515 63072 4.5 3.1666666666666665
54042 8666 2.0 3.25
39497 1219 4.0 2.5
16257 1429 4.5 5.0
24586 307 4.5 3.5
96218 2042 1.5 3.0
35221 1527 4.5 3.0
58953 5507 3.5 3.5
39497 70286 3.0 2.75
78253 42728 4.0 4.0
111981 1219 4.0 2.5
130622 2329 3.5 2.0
119267 68157 0.5 4.0
70274 317 4.5 2.5
100369 1663 3.0 3.75
56652 3681 4.5 1.5
119055 3033 4.5 4.5
4347 5945 2.5 3.5
122737 3153 3.0 4.0
96370 4678 3.5 3.25
85581 34153 2.5 2.3333333333333335
58953 4104 3.0 3.25
82981 3802 3.5 4.0
27894 4889 3.5 4.25
23627 196 1.5 3.5
119055 527 5.0 5.0
16257 1417 1.5 3.5
51507 86 4.0 3.25
38159 1608 3.0 3.5
80476 2799 2.5 5.0
96218 1207 3.5 3.0
131156 79091 3.5 3.75
130622 292 1.5 2.375
93234 3911 3.5 2.0
131156 91542 2.5 2.25
15701 46976 3.5 3.1666666666666665
134128 1275 3.0 3.0
64667 52722 1.5 3.25
58953 8623 1.5 2.1
109888 45730 2.5 1.5
130622 71 0.5 2.25
98658 53000 4.5 2.5
55903 2054 2.5 1.5
87846 1198 5.0 2.5
72428 47 4.5 4.5
9485 2090 2.5 3.25
68146 941 3.5 3.25
120991 3101 3.0 1.5
68146 72641 4.0 5.0
99276 2617 1.5 0.5
109888 708 3.5 3.5
93018 766 5.0 3.4
30047 30850 4.5 2.5
44576 529 4.0 3.0
115195 4980 4.0 2.0
19896 135 3.5 3.5
18515 1208 3.5 1.5
30047 1527 4.5 2.5
91160 53464 3.0 4.0
93234 2662 2.5 2.8333333333333335
111981 3991 4.0 3.3333333333333335
39437 1589 2.5 3.0
80668 37384 4.0 3.8
51491 54995 2.5 4.0
68146 1459 3.5 2.5
15701 3809 4.0 3.375
4347 7569 3.0 3.0
93234 1216 3.5 2.9375
112355 4641 3.5 1.0
10156 4873 4.0 2.5
119055 1 5.0 5.0
70841 40629 3.5 3.5
44576 7445 3.5 3.75
120524 49651 3.5 2.0
121304 955 4.5 1.5
53790 46970 4.0 4.0
80668 101 2.0 2.5
2788 1214 3.0 3.5
4347 2202 3.0 3.0
53908 3316 3.0 2.5
45039 103341 4.5 3.0
51507 64620 5.0 4.25
64667 8507 5.0 3.0
92750 3484 2.5 3.5
87164 27803 4.0 1.5
97112 1527 3.5 4.25
51456 37731 3.5 2.8333333333333335
75013 4973 5.0 4.0
17706 1 4.5 3.5
40850 4467 2.5 4.5
45406 2090 3.0 4.0
54042 2908 5.0 0.5
27041 3893 3.0 2.25
18515 593 2.5 3.5
15701 1769 2.5 3.0
30047 5021 3.5 2.5
4347 921 4.0 3.1666666666666665
12892 1381 2.5 3.5
133689 1968 3.5 1.0
133568 2306 2.5 3.0
51456 27611 4.0 2.5
96370 3556 4.5 3.5
55903 30812 3.5 2.0
51456 2819 3.5 4.0
109888 3919 2.0 2.5
30047 92259 3.5 3.5
58953 6286 3.0 4.0
95993 3727 3.0 2.5
76908 994 4.0 5.0
124722 4903 4.0 4.0
97112 6993 5.0 2.25
96370 317 1.5 3.0
134988 252 3.0 5.0
17851 66097 3.5 3.5
96370 4857 3.5 2.5
55224 55872 3.5 4.5
39497 177 2.5 2.5
97112 3556 4.5 3.5
136829 737 1.5 4.0
130773 6156 3.5 3.5
27041 1909 3.0 2.5
85581 3083 4.5 2.0
16343 3269 1.5 5.0
61225 2116 5.0 1.5
97112 3160 3.5 2.5
71365 1049 2.0 2.5
95588 2369 3.0 0.5
39497 376 2.5 2.625
87164 2860 2.5 3.4
103326 1078 4.0 5.0
87846 3489 1.5 1.5
10937 2396 3.0 2.0
80099 65230 2.5 3.5
120991 4246 2.0 0.5
85581 39414 1.5 3.0
27894 122 2.5 2.25
6417 1049 2.5 4.75
15701 48780 3.0 3.6666666666666665
71190 2598 3.5 5.0
83338 1050 1.5 3.25
96370 1350 4.0 3.8333333333333335
120991 3082 1.5 2.25
80668 1806 3.0 3.2857142857142856
130834 3751 4.0 3.5
56407 242 4.5 2.5
58953 2372 5.0 3.5
51507 2550 3.0 4.0
53908 2429 2.0 4.0
82981 597 2.5 3.0
51456 46970 2.5 1.0
39497 1270 3.0 3.0
97112 73321 2.0 5.0
45125 3334 3.5 1.0
18515 5876 2.5 1.5
58953 49272 2.5 4.0
76356 7346 1.0 3.5
45125 356 4.5 4.0
80668 1348 3.0 4.0
96218 1212 3.0 4.0
80668 39414 3.5 3.5
44079 416 2.0 3.5
50575 5060 5.0 3.0
70274 3448 3.0 1.5
120850 59022 3.0 3.5
631 48780 4.5 3.5
130622 89492 3.5 4.0
37296 3267 3.0 0.5
10937 3932 3.5 3.1666666666666665
54042 5956 3.0 3.0
93414 597 4.0 4.25
62611 101 3.0 3.5
63742 232 5.0 5.0
3990 3676 1.5 3.5
12892 3723 3.0 4.5
108206 5312 4.0 3.0
87164 1343 4.0 4.25
15701 95167 2.5 3.6
4347 1639 2.5 1.0
96370 5013 3.0 3.1666666666666665
4347 87222 2.0 2.9
64667 1247 4.0 4.0
95547 5540 2.5 2.5
87164 3726 3.0 1.5
12892 6287 3.0 4.0
87164 4886 3.0 3.5
136829 427 3.5 4.0
27894 6281 3.0 3.375
27041 999 3.5 2.875
51507 3969 3.5 4.5
91160 71899 3.5 2.5
80099 3101 4.5 3.5
108206 1907 2.0 5.0
111981 5803 3.0 3.25
3513 493 3.0 2.5
39497 510 2.5 3.6
72428 5489 3.5 3.0
11599 276 2.5 2.5
93234 47999 4.0 3.25
65373 5291 4.5 5.0
51507 2860 2.5 3.8
93018 2729 5.0 4.0
75013 5459 2.5 4.5
121959 5319 3.5 5.0
53908 1198 4.0 1.5
108206 46970 4.0 3.0
3376 947 5.0 4.0
109969 2065 4.5 4.0
21922 1126 4.5 3.0
64667 364 3.5 3.5
80668 3730 4.5 3.5
4347 2843 2.5 3.0
108206 4069 2.0 5.0
97112 6867 4.0 1.0
71365 1994 5.0 2.5
133617 3681 4.5 1.5
128985 508 2.5 4.5
48037 899 1.5 3.25
17851 2025 2.5 3.5
95993 186 1.5 2.0
68146 99114 2.0 3.0
127601 150 3.5 4.0
96370 2112 2.5 4.0
18515 34 2.0 4.5
62387 186 0.5 3.0
119055 1270 5.0 4.5
45406 2278 4.5 3.5
103326 3671 4.5 4.5
45039 1608 1.5 2.5
95547 6183 3.5 2.6
44576 53894 4.5 3.5
107215 3101 4.0 4.0
51456 48783 2.5 4.5
123155 1488 4.5 4.5
87846 70 2.0 2.5
27041 36 2.5 3.0
123945 8970 4.0 3.0
93234 6586 1.5 3.0
102659 2448 0.5 1.5
39497 3153 4.0 4.0
80099 1187 3.5 3.5833333333333335
84612 3363 5.0 5.0
631 7325 3.0 4.5
131047 750 4.0 4.5
120991 3273 1.5 3.0
106695 2617 3.5 2.5
130622 41571 3.0 2.5
71658 2770 3.0 5.0
30535 1498 4.5 4.25
80099 2161 4.5 3.7
120524 109374 1.0 1.75
75957 1209 4.5 4.0
87846 3877 0.5 3.8333333333333335
97163 5152 3.0 4.0
130622 4067 2.0 1.5
39497 1924 3.5 3.4166666666666665
53908 105 2.0 3.0
112355 2779 1.5 4.5
80668 4734 1.5 3.125
93018 1270 5.0 3.0
45527 1089 2.5 4.0
90680 836 3.5 2.0
27041 434 2.5 3.25
120991 4890 2.5 2.5
131156 97938 2.5 2.0
42334 1049 4.0 2.5
121619 2291 4.0 3.0
96218 6936 4.0 3.5
44079 1399 3.5 4.0
51507 1267 5.0 4.0
92610 3006 4.0 3.0
128305 55820 4.0 4.0
27041 537 1.5 3.5
42119 132 1.5 2.5
96218 2115 2.5 0.5
93414 2090 3.5 4.0
99276 2558 2.5 4.75
20634 1517 5.0 2.0
100369 180 3.5 5.0
14809 64957 3.5 4.5
59443 558 2.5 2.0
9485 866 4.5 2.5
78579 2987 3.5 4.0
61903 1608 2.0 4.5
130622 64622 2.0 3.5
96370 2942 2.5 3.75
122737 1699 4.5 3.5
93234 3326 3.5 3.1666666666666665
10721 3948 1.5 2.5
16343 1517 2.5 2.0
90991 457 4.0 3.5
78579 1734 3.0 3.8333333333333335
44576 663 2.0 3.25
80668 1627 3.5 2.75
43728 2253 2.0 3.5
131156 1721 4.5 3.0
27894 1131 4.0 3.25
119055 2034 5.0 5.0
54042 482 3.0 0.5
80668 292 2.5 4.5
10937 5508 4.5 3.2
9485 2952 4.0 5.0
119055 356 3.5 4.25
27041 8370 4.0 2.625
105571 6377 3.5 3.0
80099 27721 4.0 3.625
80668 5992 3.5 3.5
58953 2094 2.0 3.0
12892 2359 4.0 4.0
4347 33004 3.0 1.0
130622 2644 4.0 2.7
123063 58293 2.5 4.75
4347 4280 3.0 3.0
12892 2105 3.5 3.0
135148 3668 3.5 2.75
50575 899 4.5 5.0
16257 364 5.0 5.0
124722 2840 2.5 3.75
58953 2746 3.5 2.5
120388 56775 4.5 4.25
3990 1358 3.0 4.0
77491 1297 2.0 4.0
93018 648 4.0 4.0
115195 2759 2.5 2.0
102302 2716 3.0 3.0
91160 5956 4.5 2.5
44576 45730 1.0 4.125
15701 94777 3.0 3.0
80668 67734 3.5 3.1
71365 4993 3.5 2.5
45406 2416 1.5 2.5
97845 8807 4.0 3.0
54042 3727 3.0 2.8333333333333335
93234 4994 4.0 4.5
83338 364 2.5 3.5
129456 1301 4.5 2.5
72170 1207 4.5 5.0
97378 59022 4.5 4.5
82981 6535 2.5 3.0
64667 2248 3.0 3.5
93234 4499 3.0 3.0
30273 3053 4.0 4.0
4347 3386 2.5 2.3333333333333335
38075 2606 4.5 4.5
3513 4351 3.0 3.0
87846 11 3.5 1.5
45125 109374 5.0 4.75
8788 784 1.5 1.0
94442 39435 5.0 4.0
120850 8529 5.0 4.5
6077 3919 3.5 3.0
27894 1022 3.5 3.5
51507 653 3.0 4.0
78253 68954 4.5 4.0
39497 2944 3.0 3.0
71803 527 3.5 3.0
30047 2 2.5 3.5
80668 86332 2.5 3.75
89441 1279 4.5 2.5
112355 2700 2.5 1.5
58953 5060 3.5 3.5
23613 973 4.0 3.25
80668 4344 2.5 4.333333333333333
87381 74545 5.0 5.0
39497 2344 3.5 3.3333333333333335
70841 237 4.0 3.5
4347 47200 3.0 3.3333333333333335
93234 6296 3.0 2.8333333333333335
83248 590 4.5 4.5
120524 103249 3.0 2.125
96370 1779 3.5 4.0
13068 1051 3.5 3.0
23613 2306 1.5 3.5
80668 46578 4.5 3.0
10937 34048 2.0 3.5
58395 3364 4.5 2.5
48690 1274 4.5 2.0
9485 3706 2.0 2.25
64667 99114 1.5 3.4166666666666665
123945 76093 4.5 3.5
80099 1367 3.5 3.25
10721 1204 4.5 3.5
93018 1283 2.5 3.75
40850 922 3.5 3.0
54042 315 1.5 3.5
62611 5293 3.5 4.666666666666667
96370 1214 4.5 3.75
61321 1276 3.0 2.5
78253 1385 3.5 4.0
87846 2528 2.0 2.5
80668 6197 3.5 3.75
87164 2058 4.5 4.0
14086 126 2.5 2.5
44576 1663 3.0 2.5
77491 2369 3.5 2.5
27894 5992 4.5 3.375
111226 2344 3.0 2.5
39497 4499 2.0 3.25
123558 2140 5.0 4.5
93018 1288 4.5 2.5
58953 4874 3.5 3.3333333333333335
100579 4526 2.5 4.0
39528 4062 3.5 3.5
97112 7323 4.5 4.0
3948 361 1.5 2.5
120991 34 1.0 1.0
97750 79293 5.0 2.5
51507 1187 3.5 4.166666666666667
124722 4069 3.0 4.0
39497 1969 2.5 2.625
115959 150 5.0 4.5
38860 4014 4.0 3.5
75957 3504 2.5 3.25
53908 1690 3.5 4.0
53908 4343 3.0 3.5
78579 36535 3.0 4.5
62387 35836 3.5 3.0
39437 2015 3.5 3.5
53790 3916 4.5 4.25
54066 296 5.0 3.5
114982 750 3.0 2.0
17851 1219 4.0 3.5
71658 1125 5.0 2.5
58953 2803 3.5 2.9
96370 3489 4.5 3.5
62387 881 3.5 3.875
15701 7346 2.5 4.0
96218 2078 2.5 3.0
27894 3363 3.5 2.25
94296 4161 4.0 3.75
93018 1984 0.5 2.0
96218 66097 4.0 3.0
27894 1527 4.0 3.5
44321 3452 3.0 4.0
58953 1646 3.5 3.4166666666666665
95547 4727 3.5 3.0
66678 4502 2.5 3.25
103326 4291 3.5 4.333333333333333
18515 73 3.5 2.75
39437 879 2.0 2.5
130622 87232 3.5 3.0
45039 3160 5.0 2.5
82981 3809 3.0 3.5
12892 1347 3.0 4.0
76908 2858 4.0 4.5
44576 2012 4.5 2.5
44576 45666 1.5 4.166666666666667
3513 3363 3.5 3.5
130622 1275 3.5 3.25
4347 610 3.0 2.5
130622 64 0.5 3.0
107909 2378 3.0 4.5
38882 4815 4.5 3.0
62387 293 5.0 0.5
27894 2407 2.0 1.75
5596 2115 5.0 2.0
129456 661 4.5 4.5
78070 1873 5.0 4.0
100431 27831 3.0 1.5
20452 2574 4.0 4.5
13205 457 4.0 5.0
29660 3977 4.5 3.0
44576 19 2.0 2.5
93234 6286 3.5 3.3333333333333335
27894 4776 4.5 3.0
58953 3083 4.5 3.375
128305 4226 3.5 3.5
3948 4155 4.0 3.0
34437 110 1.0 3.5
91160 1089 4.5 3.5
58953 2046 3.5 4.0
58953 3812 3.0 3.25
37296 45 4.5 4.0
4347 7099 2.5 1.75
45406 434 3.5 2.0
64667 527 4.0 4.5
115653 527 4.5 3.0
50575 3467 5.0 4.0
80668 4214 5.0 3.875
50575 475 4.5 4.5
16097 150 4.5 3.0
129456 1713 4.0 4.5
96370 2967 4.0 3.7
93234 45499 3.0 3.0
8788 37384 3.0 3.75
94296 1483 3.5 2.5
130622 1417 3.0 2.625
95588 2469 3.5 5.0
45039 48394 3.5 1.5
98228 2746 1.5 2.5
67245 44665 4.0 3.5
87164 2001 3.5 4.25
44576 48394 2.0 2.8333333333333335
130622 191 2.5 3.8333333333333335
83248 427 3.5 4.25
80668 2478 2.5 2.5
80099 2793 2.0 2.25
78253 60069 5.0 4.0
133343 7445 4.5 4.0
27894 2574 4.0 3.857142857142857
4347 1275 1.5 2.5
3948 49274 1.5 3.5
51507 914 3.5 3.25
44079 55 3.5 5.0
95547 6535 1.0 4.0
3513 4010 3.5 3.375
76908 1235 4.5 3.0
27041 316 4.5 2.0
103326 4641 4.5 4.5
123945 2313 5.0 2.25
45039 54995 4.5 3.25
27041 3101 4.0 3.5
70274 6934 3.5 3.5
97163 89745 3.0 4.5
80476 1503 4.0 5.0
30047 1963 3.0 2.5
17851 457 4.0 2.75
36872 553 3.5 3.0
77491 39 5.0 4.5
39497 48394 3.5 2.5
80668 34405 2.5 3.3333333333333335
58953 516 4.0 3.125
71658 1961 5.0 2.5
22128 1183 4.5 5.0
93234 123 4.0 3.2
85581 64622 4.5 2.5
80668 4857 3.0 4.5
64667 899 4.0 3.75
50575 2177 2.5 4.0
97750 57640 4.0 4.75
80668 7460 1.5 3.5
31225 30749 5.0 3.5
45406 1754 2.5 4.5
107593 2287 4.0 4.5
54042 1974 3.0 2.5
87164 481 4.0 4.0
12892 2613 2.5 2.8333333333333335
10721 1339 3.5 3.5
130622 150 4.0 3.5
71658 750 5.0 2.75
85933 8917 4.0 5.0
80099 34271 4.0 3.4166666666666665
130622 1216 5.0 3.6
27041 5364 3.0 3.5
75015 5146 4.5 4.5
120388 62999 5.0 4.5
82770 1422 2.0 2.75
80099 8636 3.0 3.5
99276 1608 1.5 5.0
115427 1249 3.0 3.0
80099 8666 2.0 4.0
4347 319 3.5 2.75
3948 1022 3.5 1.5
17851 72226 3.0 4.0
82770 4995 2.0 2.0
21428 100 4.0 5.0
18515 72226 3.5 2.8333333333333335
119055 5106 4.0 4.5
97163 1597 3.5 4.0
5122 25 5.0 1.0
87164 27904 4.0 3.875
39497 315 2.5 2.5
4162 1017 5.0 3.5
48037 296 4.5 3.25
102302 1398 4.0 3.0
65784 783 3.0 5.0
70274 6867 3.0 4.0
51507 4848 3.5 4.25
27894 4025 5.0 3.0
67245 99114 5.0 3.5
53908 829 3.5 3.5
45406 3208 4.5 2.9
27041 3809 3.0 3.75
95547 27904 3.0 3.75
93234 784 2.0 4.25
17851 5349 4.0 4.0
119242 27831 4.5 3.5
130622 539 1.5 4.5
74777 2956 2.5 4.0
93234 2001 3.0 3.3333333333333335
127601 1270 4.0 3.5
107909 2291 3.0 2.5
90680 999 2.5 2.25
85581 2145 2.5 2.75
82981 1210 4.0 3.25
95547 2700 3.5 4.0
130622 3015 3.5 2.6666666666666665
18515 3053 2.0 3.25
9485 1231 5.0 3.0
45406 742 0.5 2.625
99276 1279 2.5 3.5
4347 57669 2.5 2.8333333333333335
93018 3598 3.0 2.6666666666666665
15701 80549 3.5 3.0833333333333335
130622 80549 2.0 0.5
119055 1276 4.5 5.0
85581 58047 2.5 2.1666666666666665
120524 2528 2.0 2.5
38159 1978 3.0 3.5
45406 4214 2.5 3.0
75015 1208 4.5 4.5
58953 49274 3.0 3.1
36100 36 4.5 4.0
76481 4322 3.5 3.5
53908 6754 2.5 3.25
51507 5956 3.5 4.0
51331 376 4.0 4.0
106695 1198 4.5 2.5
111401 4054 3.5 4.0
47587 3727 3.0 4.5
27041 6218 2.5 3.25
115195 2186 4.5 1.5
72428 1974 4.0 1.5
131488 45517 4.0 3.0
95547 52281 4.5 4.5
128305 54881 5.0 2.625
58953 3160 4.0 4.0
96370 1041 5.0 3.625
82770 5283 3.5 3.5
40967 2443 2.5 4.0
80668 2770 3.0 2.5
45406 2399 3.5 2.875
3376 921 5.0 3.0
58953 6003 4.0 2.6666666666666665
45406 65 1.5 3.1666666666666665
80668 5459 4.0 3.25
61679 2396 5.0 3.5
64667 1262 3.5 2.75
102659 1097 4.0 3.5
75957 2622 4.5 4.5
78253 69406 4.0 3.5
64667 2288 4.5 3.25
70274 1517 2.0 3.25
107909 6879 0.5 1.0
18515 2318 2.5 4.0
64618 203 4.0 4.0
83338 2161 1.0 4.5
58953 1208 3.5 3.6666666666666665
95993 1982 4.0 3.5
55331 2287 3.5 3.0
44576 1022 2.5 3.5
88136 1147 4.5 4.0
93018 1175 4.0 5.0
112355 5995 4.0 1.0
114982 5478 2.5 1.75
84612 8507 5.0 4.5
27894 2072 3.5 2.375
4162 838 3.5 4.0
136115 1203 5.0 3.0
50575 1204 2.5 3.0
47587 5146 4.0 4.5
76908 1399 2.5 5.0
130980 915 2.0 1.5
106695 1603 2.5 4.0
58953 2361 1.5 3.3333333333333335
80099 5364 2.5 4.5
90991 293 5.0 3.0
132585 2858 5.0 3.5
135148 2145 2.5 4.5
48000 2012 3.0 3.0
80668 4191 3.5 2.875
3513 1701 3.5 4.0
54068 1183 1.5 3.5
53908 1061 4.0 2.0
82770 185 2.0 0.5
45125 2288 2.5 4.5
75957 1263 4.5 3.25
27041 431 3.5 2.6666666666666665
15605 7063 5.0 1.75
80668 5151 3.0 3.5
96370 2827 1.5 3.5
75957 1201 3.5 2.0
15701 3785 3.0 3.6666666666666665
107593 4478 3.5 3.0
88006 52281 4.0 3.5
76263 2770 2.0 2.5
133617 3617 2.5 5.0
103326 2287 2.5 4.0
44079 319 4.0 3.5
133568 2989 3.5 3.5
80476 1399 4.0 4.125
58953 2840 2.0 3.9166666666666665
77204 2203 5.0 5.0
109888 2455 3.5 3.5
85581 5816 2.0 3.5
115653 1339 1.5 3.0
99276 3448 2.5 2.5
51507 45 4.0 3.5
39437 2617 3.0 3.5
6417 135 3.0 3.1666666666666665
45406 504 3.5 2.5
91160 2124 3.0 2.5
82981 79702 4.0 3.375
58953 4010 3.5 2.6666666666666665
93234 5791 3.5 2.1666666666666665
4347 1645 3.5 1.0
93414 2700 3.0 3.5
58953 1597 4.0 3.0
97112 55820 4.5 1.0
48037 4641 5.0 2.5
15701 2318 3.0 3.25
53908 2840 3.0 3.5
27041 2372 3.0 3.0
94296 2012 2.5 3.5
45406 1620 1.5 2.0
93018 356 1.0 5.0
87846 60 3.5 1.1666666666666667
40446 8645 3.0 3.0
10937 2012 1.0 2.0
44576 60037 2.0 3.75
7481 99114 5.0 1.5
108206 3300 4.0 5.0
101749 2622 4.0 4.5
45406 2094 1.5 2.5
71365 2373 1.5 5.0
45548 595 4.5 4.25
119055 828 4.5 4.5
48000 1676 4.0 3.0
80099 4246 4.0 3.5
51507 100 3.5 4.1
101050 356 4.0 3.5
102834 227 3.0 4.0
27019 3469 5.0 2.0
96370 4014 2.5 4.0
10937 6242 3.0 2.5
92750 3717 4.5 3.5
128305 7802 4.0 1.5
131156 43396 3.5 4.0
40850 1240 0.5 3.5
51507 3083 0.5 4.0
90680 1003 3.5 2.25
93234 3262 2.0 3.25
64667 1954 4.0 3.0
80668 68157 3.5 3.25
135295 110 3.5 2.5
100957 2860 2.5 4.0
97750 95167 5.0 3.75
84653 181 2.0 2.5
120524 6303 1.5 1.25
48000 6708 4.5 3.875
43445 4448 2.5 2.5
93018 2707 3.5 3.5
54042 1209 4.5 3.0
87164 33004 1.0 3.0
80668 25 5.0 3.0
58953 1219 3.5 4.0
15701 2788 4.5 3.0
135148 1356 3.0 2.5
43445 2384 4.0 5.0
4848 931 5.0 3.0
79435 2291 4.0 0.5
37296 2366 4.5 3.5
631 81834 2.5 2.0
73676 5400 2.5 3.0
100582 3578 3.0 4.5
10937 3438 1.5 3.5
45406 2002 2.0 2.0
85581 4322 3.0 2.0
93414 2078 2.5 4.25
103892 1950 4.5 4.5
55903 661 2.5 2.0
118529 293 5.0 4.5
94296 1527 4.5 2.5
51456 48780 4.0 2.0
3513 1597 4.5 3.3333333333333335
75326 529 5.0 3.5
39497 7285 4.0 3.0
44576 1061 5.0 3.75
12892 1911 4.5 4.0
97112 4803 3.0 3.0
51507 3747 4.0 3.9285714285714284
96370 3097 4.5 3.4166666666666665
18152 4873 3.5 3.5
30047 1446 3.0 1.75
40967 3783 3.5 3.5
9485 111 4.5 3.0
72428 1256 4.0 4.5
108325 6155 4.5 4.5
23444 3142 3.5 4.0
58953 1256 2.5 3.0
97163 1895 2.5 2.0
77491 4992 3.0 3.5
100369 63876 4.5 3.6666666666666665
71803 553 2.5 1.5
4347 141 2.5 3.5
75957 2375 3.5 3.0
48000 8638 4.5 3.0
33076 735 3.5 3.5
133568 4381 5.0 3.5
44576 6615 2.5 3.7
39384 2732 4.0 3.3333333333333335
87164 3879 3.5 3.75
58953 1911 3.0 3.0
62387 558 2.5 4.5
51507 1104 4.5 3.5
39497 1127 3.5 3.5
95588 508 2.5 5.0
130622 82459 4.5 1.0
15701 60037 2.5 2.8
30047 7160 3.5 2.5
3990 1639 3.0 3.25
18515 4036 3.5 4.0
106695 1214 3.0 4.0
87164 1219 3.5 1.5
95547 1453 1.5 3.75
70274 2795 2.0 3.5
93018 448 5.0 2.25
108224 737 4.5 4.5
78579 27831 3.0 4.5
631 32 2.5 3.5
51507 52952 5.0 3.8333333333333335
77491 2942 3.5 5.0
47261 4564 1.5 1.5
111033 86332 4.0 4.5
4728 44974 5.0 5.0
50104 153 3.5 5.0
55903 1873 3.5 3.5
96370 5021 2.5 3.5
96370 5876 3.5 4.125
78253 1589 3.0 4.0
18515 153 1.5 3.25
44576 2840 3.0 2.6666666666666665
97163 7285 4.0 4.5
96370 6365 3.5 3.25
13068 218 3.5 2.0
80476 2080 4.5 3.5
130622 64716 1.5 2.9285714285714284
120524 5047 3.5 2.0
18741 6811 3.5 5.0
80476 700 4.0 4.5
16343 590 4.0 2.5
17851 2455 2.0 3.0
96370 2146 3.0 3.875
3948 51080 3.0 2.75
99276 3726 2.0 3.0
91160 55269 3.5 4.0
131042 5418 4.5 2.5
96370 1947 5.0 3.5
107909 3478 2.5 3.1666666666666665
111981 1275 4.5 4.0
55903 3033 3.0 1.5
77491 3384 4.5 3.25
25484 3317 4.0 1.5
102302 1 4.0 3.0
99521 1049 4.0 0.5
55903 27831 5.0 1.5
39528 3653 4.5 4.5
120991 5046 1.0 0.5
130622 2732 4.0 2.875
55903 3255 3.0 4.5
3513 2359 2.5 2.625
4347 3053 4.0 2.6666666666666665
130622 44974 2.0 3.0
119242 3317 3.5 5.0
10802 2532 3.5 2.5
27894 2278 3.0 3.25
45039 196 1.5 4.0
55903 2470 4.0 3.0
45406 3326 2.5 1.5
66678 489 3.5 4.5
80099 27803 4.0 4.0
44576 54736 2.5 3.5
72455 1270 3.5 4.5
91482 1050 4.0 1.5
17851 410 4.5 3.25
125090 3498 4.0 3.0
82981 6058 3.0 3.8
45406 4036 4.5 2.5
51456 88744 3.5 3.6666666666666665
44321 7164 3.0 3.375
23284 748 1.5 3.0
96218 45517 3.5 4.0
87846 4572 2.5 3.0
96370 2622 2.5 3.5
102302 1198 3.5 2.5
73676 208 3.0 2.5
45406 661 3.5 2.625
58953 39449 3.5 3.25
51331 213 4.5 3.0
58953 275 3.0 2.8333333333333335
50575 955 3.5 4.0
95547 1240 3.5 3.25
23627 590 4.5 3.5
27041 432 1.5 3.0
87846 3578 4.5 3.5
27894 586 3.5 3.25
88136 2384 5.0 3.5
122737 1446 4.5 2.5
4347 1907 2.0 3.5
80312 2799 3.0 5.0
118347 2147 3.0 3.8333333333333335
44124 7121 4.0 3.25
68146 69406 3.5 1.5
78253 103042 2.5 3.25
93234 1274 4.0 2.75
20452 1895 2.5 2.0
4347 3824 1.0 2.2
15701 89904 3.0 2.642857142857143
45406 539 1.0 2.5
54068 4823 2.0 4.5
11956 21 3.5 3.5
103892 3889 2.0 2.0
93234 1127 3.5 3.3333333333333335
80668 5945 2.5 2.5
18515 1232 3.5 3.0
40850 1353 1.5 2.5
3513 70 4.5 3.375
97845 553 4.5 4.0
27041 5418 4.5 2.5
631 1625 3.5 2.0
15701 73321 2.0 3.25
82770 2278 3.5 1.0
76908 2966 5.0 3.25
23613 1210 3.5 4.5
103892 3310 3.0 2.5
40850 1483 3.0 2.0
64667 1096 4.0 2.5
3948 3552 3.5 3.3333333333333335
85581 33004 3.0 4.5
80476 2125 3.5 3.5
80099 1091 3.0 3.8333333333333335
55903 2394 3.5 2.375
30047 4161 2.5 2.5
98658 181 0.5 4.5
80099 232 5.0 4.5
96370 1994 3.5 2.75
80668 784 3.5 2.5
44576 5418 2.5 1.5
111981 44 2.5 3.5
85581 48516 3.5 3.5
10937 661 4.0 2.4
110420 1378 4.0 4.333333333333333
96370 8783 3.5 4.0
45406 457 3.0 1.5
16343 2375 3.5 2.5
44321 3953 3.0 2.5
27894 3882 4.0 3.3333333333333335
123558 1518 4.5 3.5
102302 65130 3.5 4.0
10937 1 4.0 1.0
130622 55908 4.5 1.3333333333333333
45789 3751 4.5 3.5
72455 6365 2.5 2.5
30909 5013 4.5 5.0
80668 5049 4.5 3.0
39437 2672 3.5 2.0
96370 1136 4.0 1.0
127601 2394 4.0 5.0
16343 1280 4.5 4.5
111981 32031 3.0 3.5
119055 2078 4.5 5.0
45406 426 2.5 3.0
109888 480 3.5 5.0
51507 46578 4.5 3.5
130622 8879 3.5 3.25
39437 296 3.5 3.0
58953 2771 3.5 2.142857142857143
45406 1785 5.0 4.5
90680 208 2.5 3.5
115195 3760 1.5 2.25
115195 3598 3.0 2.625
41657 19 4.5 4.0
85581 71535 2.5 1.0
75957 1027 4.0 4.25
58953 49822 3.0 2.5
87846 2085 3.5 1.5
104038 110 4.0 3.5
75957 315 3.5 3.5
93018 2858 2.0 4.5
78253 55269 4.0 3.5
130622 1268 3.0 2.75
8788 4641 3.5 3.8333333333333335
74055 106782 4.5 3.5
53908 6565 3.5 1.5
87846 2080 3.0 2.3333333333333335
58953 2313 3.5 2.875
83338 2826 3.5 3.6666666666666665
18515 68954 3.0 4.0
136898 47 4.0 3.0
96218 6166 2.5 3.75
130622 948 3.5 2.5
107593 595 4.5 5.0
10937 535 3.5 1.875
115926 5171 2.5 3.75
27019 3763 3.0 4.0
124722 750 3.5 3.0
75957 1588 4.0 3.0
3948 70286 3.0 3.5
40850 1289 2.5 1.0
4347 2301 4.0 3.0
55903 2532 3.0 2.0
119055 8507 5.0 5.0
70275 300 5.0 4.5
30911 6887 3.5 3.25
130622 1234 3.0 2.0
96218 410 3.0 2.0
96370 11 2.5 3.25
55903 3066 4.0 3.125
133343 57669 4.0 0.5
27041 5303 3.0 3.3333333333333335
93915 1080 4.0 4.5
31486 1231 4.5 5.0
30047 1352 3.0 3.1666666666666665
30535 2203 4.5 3.5
133343 37382 2.0 4.0
59443 2 3.0 3.0
4347 915 3.0 3.0
45522 1049 2.5 2.5
96370 928 5.0 3.125
17851 81591 4.0 2.75
80668 2416 4.5 3.5
44576 2747 3.0 2.5
93234 8983 4.0 2.8333333333333335
19896 1347 4.5 3.5
116603 34 3.0 3.5
87164 6936 4.0 4.0
73676 2429 1.5 3.0
80476 2042 4.5 2.5
105571 4478 4.0 3.3333333333333335
133343 55276 4.5 1.5
120524 2819 3.5 1.5
75957 2137 5.0 3.5
40967 8207 3.0 5.0
96370 4478 3.5 3.5
97163 3997 1.0 4.0
48037 3741 3.5 3.5
27894 2372 3.0 3.3333333333333335
50575 1348 2.5 2.0
9485 431 4.0 3.5
87164 3386 3.5 4.0
40967 1289 1.0 3.5
96370 1187 4.5 3.25
130622 71520 2.0 3.0
13068 433 4.0 3.1666666666666665
3376 551 3.0 4.0
51507 1627 5.0 3.1666666666666665
99276 2840 1.5 3.0
4347 1701 1.0 3.75
19090 593 5.0 3.0
39437 2266 2.0 3.5
93234 1209 3.5 4.0
80668 105 1.5 3.25
130773 6879 3.0 3.5
118347 3066 4.0 3.5
27041 3730 2.5 3.0
44576 2366 4.0 3.7
10721 3317 4.5 4.5
93018 5291 5.0 3.0
45406 317 3.5 0.5
39497 2687 4.0 3.5
87846 3639 3.5 0.5
92151 32 5.0 2.5
64667 3397 3.5 3.0
108206 33166 2.5 3.5
40850 5956 2.0 1.75
29660 539 3.5 5.0
27894 1385 1.0 4.5
135148 480 3.5 3.5
99276 482 4.0 4.0
39497 1754 4.5 3.5
45125 4427 4.5 4.0
135148 1956 5.0 3.5
27894 1049 4.5 3.2
120524 4033 1.5 0.5
9485 34 3.5 4.0
3948 3948 4.0 2.0
40850 5049 2.5 3.0
96370 2078 3.5 4.0
50575 593 4.0 2.5
87164 5283 3.5 3.5
38075 4247 0.5 2.5
130622 1270 3.0 4.333333333333333
18741 5650 3.0 5.0
87846 3120 2.0 2.75
39497 3108 3.5 2.5
51456 54736 3.5 2.0
82981 3452 2.5 3.0
4347 55765 3.0 2.5
70274 3578 3.0 3.0
105571 2966 4.5 4.5
103892 2070 3.0 3.5
71658 3053 2.5 3.0
80099 1049 2.0 3.9
13455 504 1.5 2.5
45039 60684 4.0 0.5
131162 56757 3.5 4.0
82981 518 1.5 4.5
44124 67255 5.0 4.0
51447 30812 3.0 4.5
51507 3552 4.0 2.0
110420 2355 5.0 5.0
96370 1207 4.5 3.5
13068 122 3.5 4.5
44576 160 2.5 1.0
9485 3683 3.0 3.5
53908 886 1.5 2.5
55903 2905 4.5 4.0
120524 47999 0.5 1.5
80099 73 4.0 4.125
99276 3760 3.0 3.75
127601 780 4.0 3.5
45406 934 0.5 2.0
102280 6794 1.0 1.5
128985 2932 4.5 5.0
64667 87232 3.5 3.3333333333333335
24586 4427 4.5 4.5
75013 586 2.5 4.0
122737 2961 3.0 3.5
9485 1554 4.0 3.0
80099 1527 2.5 4.0
3513 2693 3.5 3.3
58953 1949 3.0 3.1
13068 1017 4.0 3.5
3948 2183 3.5 3.5
80668 3821 2.5 3.4
3513 609 3.5 3.5
58953 3594 4.0 3.5
55224 7346 2.0 3.5
107909 4124 1.0 2.25
43728 661 2.5 3.5
23627 3504 4.5 2.5
30047 3702 3.5 3.5
87164 4226 4.0 2.0
39437 1359 2.0 4.5
96218 1721 3.5 3.5
118347 986 4.5 4.0
4347 586 1.0 3.0
44321 4643 4.0 5.0
80668 1619 4.0 2.75
93018 1690 3.0 3.5
34437 1644 0.5 4.5
80668 5152 3.0 2.625
27041 1249 4.5 3.1666666666666665
51456 96821 2.5 4.5
126096 1466 2.0 0.5
76908 3053 0.5 2.5
71658 653 2.5 3.25
27894 517 2.5 2.6666666666666665
93018 1641 1.5 2.5
93018 922 5.0 4.75
119055 3882 2.0 4.75
44576 511 3.5 2.0
80099 5171 3.0 4.0
45406 1219 5.0 1.6666666666666667
87846 276 2.5 1.5
53908 2701 3.0 2.0
44576 70 4.5 3.0
82770 5418 2.5 3.0
3513 186 4.0 2.5
80476 2622 4.0 4.0
122973 750 5.0 4.0
10721 2006 2.5 3.5
92750 3566 3.5 4.5
70274 428 2.5 2.75
10156 3723 2.0 4.0
91160 1234 3.0 2.5
54042 1061 3.5 2.75
38159 3198 3.0 4.0
3513 2574 3.0 3.5
3513 5349 2.5 4.0
130622 2080 3.0 2.8333333333333335
46938 453 4.0 5.0
77204 1253 4.5 5.0
120991 17 3.5 0.5
123076 55830 3.5 5.0
93234 2840 3.0 3.4
15701 1049 3.0 2.75
51456 63876 3.5 3.5
27041 5956 4.0 3.5
136115 370 4.0 3.0
130622 648 2.0 3.0
95588 17 4.5 2.5
30909 8983 4.5 5.0
112355 80463 3.5 3.0
15701 37857 4.0 3.9
27894 3397 3.0 2.3
71190 204 2.0 2.5
25604 2622 2.5 4.0
44079 586 3.5 3.5
44576 37729 3.0 4.5
130622 593 4.5 2.6666666666666665
15701 8784 4.5 3.5
107593 4467 4.0 4.0
108206 5452 3.5 3.0
76481 1290 2.5 2.5
119055 2779 5.0 4.25
58953 63082 4.0 2.75
6417 433 5.0 4.0
93018 593 2.5 2.625
120524 3704 3.0 1.0
20398 2051 3.5 3.1666666666666665
51331 227 3.5 4.0
64667 86345 5.0 3.25
16257 1290 2.5 3.5
71658 3060 3.0 2.0
51507 296 5.0 5.0
99276 1411 4.5 3.75
125479 69481 3.0 1.5
40850 6183 1.5 2.0
93018 994 4.0 3.125
10937 3552 2.5 2.0
4347 1086 3.5 2.75
115175 907 4.5 1.0
90440 8973 4.0 3.0
38075 1367 5.0 5.0
51507 1747 4.0 3.1666666666666665
123558 1779 4.5 4.5
115195 4973 5.0 2.0
45125 4993 5.0 4.5
17851 3484 4.0 3.0
27041 204 1.0 3.2
58953 3798 1.5 2.0
133416 766 2.5 4.0
132527 64957 5.0 0.5
55903 4022 4.0 2.5
95993 316 2.0 5.0
80668 921 3.5 3.0
45406 296 5.0 1.5
119242 8370 3.5 2.5
120524 1080 3.5 0.75
64667 7090 3.5 3.75
80668 37720 3.0 3.5
58953 27 3.5 2.9285714285714284
44576 3717 3.5 3.5
55903 102125 5.0 3.4
40967 2009 3.5 3.5
10721 8783 3.5 5.0
44576 1347 3.5 3.0
67840 361 3.0 4.5
75957 915 2.5 2.0
23230 21 1.5 2.5
4162 1208 3.0 3.0
39497 6377 3.5 2.0
97112 2750 5.0 3.75
99276 1994 2.5 2.5
18222 3698 4.0 4.5
101336 8880 2.0 3.0
5596 2291 4.5 2.0
71658 1991 2.5 3.25
108206 196 1.0 3.5
71658 1393 3.0 1.5
91160 64614 2.5 3.25
124722 3811 3.5 3.125
87846 3107 3.5 0.5
130622 3682 2.0 3.0
55903 1663 3.5 5.0
75957 2469 3.0 4.5
110420 2034 1.5 5.0
129456 2015 4.5 4.5
93018 1275 3.5 1.0
106695 558 2.5 3.0
48266 973 4.5 2.5
80099 8972 5.0 3.625
95547 4912 3.5 3.6666666666666665
3990 32587 3.0 3.5
96370 491 1.5 4.0
17851 2329 5.0 3.0
27041 4226 5.0 2.5
10937 68952 2.5 2.8
108724 2140 5.0 5.0
112355 1210 4.0 2.5
8788 45081 3.5 3.625
6077 8666 3.0 3.5
93234 1517 3.0 2.6666666666666665
77491 4823 2.5 4.5
27041 597 3.0 2.5
3376 1226 3.5 3.5
71803 1231 3.0 2.0
87164 5507 2.0 4.0
45406 996 2.5 3.25
82981 1234 5.0 3.5
17851 1025 2.0 3.5
96218 5303 3.0 3.0
111981 4226 3.0 1.5
15605 32296 3.0 3.0
112355 783 2.0 4.0
97112 266 3.5 2.5
108206 3273 3.0 3.0
93018 2611 1.5 4.0
107909 231 0.5 2.5
97163 36529 4.0 2.0
96370 3751 4.0 3.25
123945 4370 0.5 4.5
97845 63859 3.5 4.0
80668 2318 0.5 3.75
77491 1517 3.5 3.0
97845 77455 4.5 2.5
23627 1963 4.0 3.5
51507 4642 4.0 3.7
58953 3811 3.0 3.25
133343 6754 5.0 2.0
90680 2500 2.5 3.5
111981 1 4.0 3.5
95993 4329 5.0 2.0
89441 2291 4.5 1.5
95588 4039 3.5 3.5
91160 87222 2.5 3.375
91160 6952 3.0 3.5
58953 7701 1.0 1.8
97112 10 3.0 4.0
112355 551 5.0 3.5
96370 929 3.5 3.8333333333333335
56474 55269 3.5 3.5
96370 8827 4.5 3.7
27041 293 5.0 2.75
17851 1 3.0 3.0
10937 52952 4.0 3.0
64667 232 3.5 2.5
51507 1619 4.5 2.5
58953 936 4.0 3.3333333333333335
91160 68791 2.5 3.5
55903 2600 1.0 1.5
95993 1374 3.5 3.5
132681 551 2.5 2.5
10721 457 2.0 2.5
120524 55820 3.5 2.0
93018 3730 4.5 3.0
44576 1016 3.0 4.0
96370 3386 4.5 3.75
61903 4102 4.5 3.0
40967 2952 2.5 3.0
122973 281 3.5 3.0
74325 2606 4.5 1.5
111886 586 3.5 5.0
51507 2883 4.5 4.25
19855 2970 4.5 3.5
97845 66509 4.5 3.5
136829 370 0.5 4.0
55361 3418 2.5 2.5
96218 3825 4.0 3.5
22549 15 3.0 5.0
58953 2432 3.5 2.7142857142857144
4347 1124 2.5 3.0
105571 1226 3.5 3.5
71658 2287 3.5 2.0
631 5021 3.0 4.5
130622 2771 2.0 3.0
87164 2496 3.0 3.5
3513 3477 3.0 2.75
133689 648 4.0 4.25
119055 901 5.0 4.5
44576 2959 5.0 3.25
34437 2268 2.0 4.0
128985 2360 4.0 4.5
82770 6281 1.0 3.0
11599 173 1.0 3.25
105571 3930 4.0 4.0
20452 1848 2.0 4.25
27894 4564 3.0 3.3333333333333335
87846 47 3.5 2.5
45125 3360 4.0 3.0
58953 1226 3.0 2.375
116481 48082 4.0 3.75
85581 1645 1.5 3.0
18515 1076 4.0 3.25
39437 2359 3.5 2.5
3513 410 3.5 3.6666666666666665
30312 4848 4.0 3.0
44576 3273 1.0 3.5
128985 2779 4.0 3.5
68146 356 5.0 3.0
27729 3809 4.0 5.0
93234 5995 3.5 3.0
93234 293 4.0 2.0
51507 55765 4.0 3.75
24948 2993 3.0 2.0
97112 1086 3.5 3.5
109888 3802 3.5 4.5
10721 307 4.5 3.5
109888 2340 4.5 4.0
50875 256 3.5 3.5
64667 6708 2.5 3.25
3376 3479 5.0 2.0
64667 60069 5.0 2.8333333333333335
50575 2985 3.5 2.8333333333333335
80668 1918 3.5 3.6666666666666665
130178 1066 5.0 3.0
75013 55282 4.0 4.0
93018 3503 5.0 5.0
44576 2294 3.5 3.0
15701 40583 3.0 3.0
115195 2318 4.5 2.5
129456 3397 3.0 2.5
92750 4054 3.5 3.5
20398 3326 2.0 3.0
70158 996 3.5 4.5
55903 2078 3.5 1.5
56090 86 2.5 4.5
130622 40815 4.0 4.25
105571 364 4.0 4.0
109888 3271 4.5 3.5
95993 1271 1.5 0.5
80668 928 4.0 5.0
109888 2997 5.0 1.5
93234 1393 3.0 2.75
63688 3752 2.5 2.0
10937 410 1.5 3.0
79464 674 4.5 3.5
17851 653 4.0 3.5
96370 2050 1.0 3.0
93234 955 4.0 2.5
127601 356 4.0 4.0
631 60074 3.0 0.5
10802 3317 4.0 3.0
126093 3751 4.0 4.0
16343 1417 1.0 3.3333333333333335
40167 19 2.0 4.5
48037 2105 3.0 4.0
111279 1209 4.5 3.5
80668 1095 5.0 3.4
3513 1016 2.5 3.375
54014 5106 1.5 3.5
58953 3062 3.0 2.3333333333333335
111981 1367 3.0 2.5
10937 3633 4.0 3.5
71658 1347 3.5 3.0
39497 4091 3.0 3.0
108206 886 2.0 3.75
80476 27 3.5 3.5
108206 35836 5.0 4.25
91160 85414 4.0 3.0
15701 2054 3.0 2.0
44576 4010 4.5 3.75
631 231 3.5 4.5
96218 342 2.0 3.0
71658 1094 1.0 2.5
53908 2421 2.5 2.5
3948 3504 4.0 1.5
123155 4155 4.5 5.0
58953 160 3.5 4.0
99276 34 3.0 2.5
48037 3726 4.5 4.5
95547 2987 1.5 3.5
59443 2747 3.0 3.75
18515 58103 3.0 2.6
37296 426 4.0 3.5
93018 527 4.5 4.75
93234 3534 1.5 2.75
58953 2622 3.0 3.5
51456 58559 4.5 3.5
21156 55269 5.0 3.5
73077 3248 2.5 3.25
119055 4499 4.5 5.0
48037 4225 4.0 3.5
64667 2080 3.5 3.5
80668 6503 3.0 4.5
68146 1177 3.5 3.75
115926 91077 3.5 2.5
120991 4901 1.0 1.0
82981 5530 3.0 3.25
44321 2700 4.0 2.0
96370 1016 3.0 3.9
27894 6639 4.5 4.0
95993 533 1.5 1.0
58953 6166 3.5 2.5714285714285716
96370 3949 3.5 3.6666666666666665
55361 3702 3.5 3.5
95993 6993 4.0 1.0
55903 5146 4.5 3.0
130773 8972 3.0 3.75
96370 38038 4.5 3.375
64667 71535 4.0 3.0
101749 2115 3.5 1.5
50575 1907 2.5 3.5
51507 5992 4.0 4.0
63419 593 5.0 4.5
3948 2500 3.5 4.0
129732 72407 4.0 3.5
631 65230 2.5 3.1666666666666665
110959 6650 4.0 4.5
16343 85 3.5 3.8
70040 319 3.0 4.5
44321 30822 3.5 3.5
45548 2539 4.0 4.333333333333333
17851 71535 4.0 2.6666666666666665
44576 1358 4.5 3.0
85922 1649 5.0 4.5
80476 2788 4.5 4.25
43728 3469 3.5 3.5
100369 1918 3.5 4.75
80668 55765 5.0 3.5
120388 3671 5.0 3.0
83248 842 3.0 3.5
10937 5540 4.0 2.0
96370 6639 3.5 3.9
120388 53121 5.0 4.25
80099 2085 4.5 3.5
110959 923 4.5 5.0
4347 1224 4.5 2.75
95547 2115 2.5 3.0
112355 3438 1.0 4.0
27894 1215 2.0 4.5
122737 2950 1.0 3.5
15701 293 4.5 2.75
5596 4754 5.0 3.0
78579 3783 4.0 4.0
120773 8361 3.0 5.0
4347 40629 3.5 3.0
99276 2920 4.0 3.4
123155 7162 4.0 4.0
93234 48774 4.0 2.75
71658 1378 4.5 1.5
106695 141 4.5 3.75
54042 4621 2.0 3.5
80668 4725 3.0 4.0
107909 4378 4.5 2.0
136898 1950 3.5 3.0
8788 58803 4.5 3.8333333333333335
25484 5152 4.5 5.0
120524 1963 1.0 1.5
16257 1032 3.5 4.0
90241 1080 3.0 3.5
17851 3617 3.0 4.0
8788 47970 1.5 2.5
93234 45950 4.0 3.0
30047 1104 4.0 2.5
75957 3478 4.0 3.8333333333333335
79222 150 3.5 1.5
5596 2161 4.0 3.5
76908 2161 3.5 4.25
78579 60397 4.5 4.0
82981 27266 3.5 4.0
93018 34 5.0 3.125
59443 32 2.5 3.75
93234 457 4.5 2.5
10937 272 3.0 2.25
37296 597 3.5 3.0
13184 766 1.5 4.166666666666667
13068 999 4.5 3.5
87164 3988 2.5 2.8333333333333335
23313 4848 4.5 3.5
96218 1517 3.0 3.0
99521 2058 3.5 2.0
70274 87232 5.0 2.875
55903 6155 3.0 2.0
95547 2716 3.0 4.5
42173 272 3.5 3.0
4347 2361 1.0 3.0
131042 2496 1.5 2.5
87164 1597 4.0 3.0
80099 48774 2.5 3.6666666666666665
73077 4280 3.0 2.0
4347 2396 2.5 2.25
78253 6952 3.0 3.6666666666666665
80312 4643 1.0 5.0
30077 71535 3.5 3.5
66678 780 4.0 3.5
107236 1050 5.0 4.5
6478 1474 1.0 5.0
97845 296 2.5 3.5
50575 517 2.0 3.6666666666666665
50575 2212 3.0 2.75
87846 784 1.0 1.5
93234 923 4.0 3.25
83338 913 5.0 3.0
87164 6281 4.0 4.5
121304 1236 4.5 5.0
95993 4023 1.0 3.0
108206 84772 4.5 3.0
17706 2701 5.0 3.5
75957 2369 3.5 3.8333333333333335
77204 64575 4.0 2.5
10937 1269 4.5 2.5
99276 346 4.5 3.2
360 3095 4.5 5.0
39437 1126 0.5 2.0
57167 493 4.5 4.0
80099 1347 3.0 3.5
10937 7001 2.5 1.5
96370 2416 1.5 4.2
87164 4247 3.0 3.25
3513 2606 4.0 2.5
119055 4062 5.0 4.5
93018 330 2.0 4.0
115195 1916 4.0 2.0
107909 153 2.0 2.5
39497 4343 3.0 3.5
78187 12 1.5 5.0
123155 39 3.5 4.0
130178 35 3.5 3.5
67245 590 3.5 4.5
130622 8636 2.0 3.0
132161 575 3.5 4.5
27894 2301 2.5 3.1666666666666665
80099 3510 5.0 3.25
97845 5459 3.0 4.0
64667 3095 3.0 3.5
10721 3949 4.5 5.0
50575 934 4.0 3.75
31225 106487 3.5 3.75
78579 2469 3.0 4.5
48000 3752 1.5 4.0
51456 112556 4.5 1.5
107593 2687 4.5 3.5
27041 1297 3.5 2.75
44576 3916 5.0 0.5
54042 1862 1.0 1.5
93234 5673 3.5 1.5
45125 292 3.0 4.5
55224 1982 2.5 3.0
22549 185 2.5 5.0
40850 3771 3.0 1.5
80099 6618 2.5 3.5833333333333335
99276 2160 3.5 2.5
27041 704 0.5 2.9166666666666665
130622 55814 3.0 2.875
137252 548 2.5 4.5
54042 784 3.0 1.0
23284 64 0.5 4.0
80099 36401 3.0 3.0
41657 57 4.0 3.5
39437 410 2.0 3.0
19896 252 3.0 3.0
116294 558 3.5 4.75
93018 3578 2.5 3.5
130622 2105 2.5 4.5
130622 111 4.0 3.0
73077 2385 2.5 3.6666666666666665
100431 95510 4.0 2.5
87846 2140 2.5 2.5
13205 63062 4.0 5.0
97112 2966 3.0 4.0
93414 2716 3.0 3.1666666666666665
97112 7160 2.5 2.5
119055 4291 5.0 4.75
4848 3153 3.0 4.5
631 35836 4.0 0.5
119055 5120 4.5 5.0
10721 55118 4.5 3.5
80668 3809 3.0 3.3
37296 4443 3.5 2.5
30047 1620 2.5 2.5
89470 2325 3.5 4.5
51507 4643 1.5 3.5
93018 1754 1.0 2.8333333333333335
52541 153 4.0 3.5
50575 300 3.5 5.0
133568 3439 2.5 2.5
96370 4686 1.0 3.1666666666666665
44079 47 4.5 3.0
120524 2001 1.5 0.5
6417 1713 5.0 5.0
130622 2266 1.0 3.1666666666666665
40446 66097 3.0 3.5
44576 3973 4.5 4.0
27041 2496 1.0 3.0
39437 2370 1.5 3.375
112355 36401 2.5 4.5
66678 1253 3.0 4.0
93234 750 4.5 5.0
93018 457 3.5 2.5
27948 12 4.0 3.5
27894 195 2.5 3.6666666666666665
9485 1947 3.0 3.0
13205 52952 3.5 4.5
124722 3448 3.5 4.0
75957 3153 3.5 3.5
4347 2186 3.5 3.75
17851 1907 3.5 3.5
137550 3489 2.0 4.0
37296 2455 4.5 4.5
130622 54997 4.0 2.5
13068 535 3.0 3.5
96218 2297 2.5 3.0
93234 2959 4.0 2.0
51507 2145 3.5 4.1
127601 7445 5.0 5.0
58953 2424 2.5 3.1666666666666665
39384 1949 3.5 2.25
48000 6156 3.5 2.5
9505 2396 3.5 3.0
39437 457 5.0 2.5
38159 1918 4.0 3.0
119055 1962 3.5 5.0
112837 3733 5.0 3.0
3948 6765 3.0 3.75
122737 2615 2.5 3.125
83248 949 5.0 3.5
93234 4121 3.5 2.0
114982 3681 3.5 3.5
18515 3142 3.0 2.5
3513 1405 4.0 2.5
96370 7325 3.0 3.5
58953 3980 4.5 2.375
80476 1729 3.0 3.0
99276 2759 4.0 2.5
96218 5995 4.5 3.0
93234 3317 3.0 2.5
93234 1982 3.0 2.25
21922 3198 3.0 3.5
30047 1393 2.5 3.5
3990 92259 4.0 3.125
95993 230 3.0 3.25
99276 4734 5.0 4.5
131162 357 4.0 5.0
48690 2961 5.0 4.75
18152 112556 4.5 3.25
51507 45517 4.0 3.625
85083 1210 4.0 3.0
95993 2080 3.5 3.0
108724 366 3.5 2.5
96370 5505 4.0 2.75
13205 68157 4.0 3.5
94296 2355 2.5 3.5
130622 68954 3.0 4.0
30047 22 3.5 3.5
133343 6503 0.5 1.5
120991 1066 1.0 2.0
97112 1244 5.0 4.0
93915 2819 4.0 3.5
135148 2105 2.5 4.5
119055 780 4.0 4.5
44576 2470 3.0 3.0
93234 1247 3.5 2.75
3990 76093 3.5 3.25
116656 1954 3.0 2.5
82981 3911 3.5 4.0
71658 2020 5.0 2.5
130622 3508 3.5 4.125
80668 1889 4.0 3.0
80099 4386 3.0 3.1875
93018 3246 4.0 2.5
6417 1453 2.5 3.0
82981 44 3.0 3.0
96370 5303 1.5 3.0
9485 2551 4.0 3.5
10937 4621 1.0 2.5
120991 920 3.5 3.5
103534 54995 1.0 3.5
95993 5944 0.5 2.25
93234 2366 3.5 3.25
43936 4616 2.5 3.75
54014 575 3.0 4.75
80668 5991 3.0 2.5
16343 3097 3.5 4.0
80668 1297 5.0 3.8
12892 3462 4.0 0.5
4347 47 3.0 2.75
18515 3271 2.5 2.8333333333333335
80099 45730 1.5 3.6666666666666665
105571 3074 3.0 4.0
55903 106487 4.5 3.8333333333333335
31099 52975 5.0 2.5
58953 6155 5.0 3.1
45406 2410 2.5 2.5
112355 4226 4.5 3.5
78253 1955 3.5 2.5
112355 1136 5.0 1.5
128305 49651 4.0 2.75
15701 1210 4.0 2.5
67245 4370 3.5 4.0
55903 3717 4.5 2.5
130622 41997 3.0 3.0
58953 2294 3.5 4.25
96370 1378 3.0 3.5
17706 280 5.0 3.5
30535 913 4.5 3.5
109888 3785 3.5 3.5
97163 1339 4.0 3.5
127601 6440 4.0 4.0
130622 55269 1.5 3.625
112875 5944 3.0 3.0
58953 1431 3.0 2.3333333333333335
15701 7439 2.5 2.875
83338 253 2.5 3.5
54042 1517 4.5 2.5
846 2633 3.0 3.0
27041 1183 4.5 3.0
106695 838 5.0 0.5
44576 1625 4.5 3.5
56957 296 5.0 3.5
71658 230 3.5 1.5
39497 2470 2.5 3.0
80668 8641 1.0 3.25
58953 3671 3.5 4.5
130622 57640 2.0 3.8333333333333335
78579 7151 4.5 3.5
71803 2467 3.5 2.0
96370 3038 3.5 4.25
44576 2085 3.5 2.75
93018 1994 3.0 3.75
31225 87232 3.5 3.0
3513 4734 3.0 2.5
68146 1835 2.5 4.5
27041 4023 2.5 3.0
18515 26 3.0 3.25
80476 34 4.0 3.5
121978 30749 4.5 3.5
128305 70293 3.0 3.0
115195 4848 3.5 2.0
111981 3248 2.0 4.0
81022 150 4.5 2.5
18152 6440 4.5 4.0
46938 704 4.5 4.5
120773 1644 4.5 5.0
50575 2942 2.5 4.0
128985 1419 5.0 4.0
59443 1792 4.5 2.75
90812 81834 5.0 4.0
116481 923 5.0 4.5
24948 1209 3.0 4.0
45406 2080 1.5 2.3333333333333335
76481 3685 3.5 3.0
27729 7027 4.0 4.0
3948 1645 4.0 5.0
4347 5650 3.0 2.625
62611 6873 3.0 3.5
55903 1288 3.0 4.0
64667 3730 3.5 3.5
97698 1136 5.0 3.0
90680 213 5.0 2.8
130622 186 1.5 3.25
78253 2144 3.0 3.0
70841 4014 5.0 1.5
4347 574 1.5 3.375
62611 3066 3.0 4.5
136829 300 3.5 0.5
93018 1419 5.0 3.625
77491 1249 3.5 3.25
130622 57669 1.5 4.25
6077 1970 3.0 2.75
97750 1792 3.5 2.5
64667 3504 4.5 3.5
44576 37384 4.0 3.5
53908 3997 1.0 3.75
27729 296 4.0 4.5
111981 3751 4.0 4.5
44576 8366 3.5 0.5
115195 1136 5.0 1.5
16343 1247 4.0 2.5
82981 4564 4.0 3.0
119055 2598 2.0 5.0
55903 6503 3.0 2.3333333333333335
80099 67087 3.0 3.1666666666666665
119055 25 2.5 5.0
115195 2212 4.5 3.5
55903 3918 3.5 4.5
48037 27266 3.0 3.1666666666666665
108206 3248 3.0 1.0
120524 508 2.0 1.5
80476 2001 4.5 3.25
50575 4225 4.0 4.125
4162 203 2.5 2.5
61679 2920 4.5 4.5
95993 1272 4.5 3.0
10721 1438 2.5 4.25
71032 1363 3.5 2.5
120991 5308 1.0 3.0
27041 1754 3.5 3.5
73676 2561 1.0 2.75
73077 153 4.0 3.0
58953 1950 3.5 2.8
48000 1885 3.0 4.0
93234 4995 3.5 3.1666666666666665
51507 34048 3.0 2.3333333333333335
80476 361 2.0 2.5
93234 5106 1.0 2.9
79435 1214 4.0 0.5
127601 55805 3.0 4.5
96370 8623 3.0 3.7
107909 4019 0.5 2.0
97112 46976 3.0 4.0
101326 4226 4.0 2.0
64667 1147 3.5 3.0
20452 2034 2.5 2.6666666666666665
129428 67255 4.5 3.5
87164 1806 4.0 2.5
48000 70 4.0 2.5
18515 6993 4.5 3.0
45125 34162 1.5 4.0
84653 237 3.0 0.5
45039 103249 3.5 1.0
64667 5992 3.5 3.5
71658 31 2.0 1.5
120991 6156 1.5 3.25
12892 2462 1.5 3.6666666666666665
80668 1974 3.5 3.5
93018 2178 5.0 4.0
39437 742 2.0 2.625
68146 6183 2.5 2.75
122973 1095 2.5 3.0
58953 1201 3.5 2.9166666666666665
6417 2424 3.5 1.5
83248 539 2.5 4.5
80668 6708 4.0 3.625
130622 2420 2.0 1.0
80668 4023 3.0 3.6
130622 7323 2.5 3.0
130622 249 1.5 3.0
93234 4571 3.5 3.5
16388 180 3.0 1.0
96370 2203 4.5 3.8
96218 3535 3.5 3.0
51507 25 4.0 4.5
129456 2533 4.5 4.5
133568 635 4.5 3.5
64667 4553 3.0 3.75
93414 91630 5.0 3.5
120388 2140 4.0 4.5
58953 3633 3.5 3.0
4347 6650 3.0 2.625
127601 97304 2.5 3.5
110420 1321 4.5 2.5
96370 4874 2.5 3.5
127601 104841 4.0 4.25
3948 4912 3.0 3.1
20398 3267 3.5 2.5
93234 2929 3.5 2.75
27041 1265 4.0 2.5
85581 6966 3.5 1.75
40167 85 4.0 3.0
58953 2051 1.0 3.5
27041 296 5.0 3.5
40446 40629 1.5 1.5
96370 3418 2.5 3.8333333333333335
68146 17 4.5 1.5
19266 2147 3.0 1.5
46086 5404 5.0 5.0
95547 42728 2.5 3.7
130622 3342 3.5 3.5
3990 6238 3.0 3.0
71658 2060 1.5 4.5
120524 1589 2.5 2.5
4347 3204 2.5 4.0
107909 2186 4.0 1.0
17706 2359 4.0 3.5
30535 1835 5.0 4.0
93234 661 3.5 2.5
4347 3066 1.5 2.5
102302 4776 3.5 3.0
93234 3984 3.5 3.0
21152 2985 3.0 4.0
80668 2985 2.5 2.5
44576 4104 3.5 3.6
87846 4553 3.5 2.875
58456 5021 4.5 4.0
3376 1066 3.5 4.5
80668 2677 4.0 5.0
87846 2421 3.5 1.25
110420 2069 4.0 4.125
68408 182 2.5 3.5
128985 1235 3.5 4.75
76010 2331 4.5 1.5
84612 8784 4.0 4.5
54042 1247 3.5 2.25
19807 920 3.5 4.0
3513 2322 3.0 3.625
16388 480 2.5 2.5
93018 10 1.5 5.0
27041 2269 1.5 4.5
115926 45668 3.5 4.0
30047 64614 4.0 2.0
93018 4928 5.0 3.0
30077 4499 4.0 5.0
4347 4010 1.0 2.625
130622 37386 0.5 3.1666666666666665
78225 5685 4.0 3.5
83338 2160 5.0 3.0
87164 3911 2.5 2.5
43728 2926 5.0 3.5
95547 37857 5.0 3.1666666666666665
73077 3861 4.5 2.0
100369 593 4.5 4.5
38159 2424 2.0 3.5
95993 610 0.5 3.0
21922 1216 5.0 4.0
123945 2394 3.5 3.75
130622 1527 3.0 3.0
44576 2268 5.0 1.5
99276 3529 2.0 3.25
102472 2987 5.0 3.5
54014 180 4.0 5.0
91160 57640 4.0 3.25
27894 1268 3.0 2.5
15701 4886 4.5 4.0
80668 5464 2.5 3.5
5122 549 4.0 4.5
50575 5013 3.5 3.0
44321 6890 4.5 3.5
97845 4874 2.5 4.0
124395 349 4.0 3.0
27041 6062 2.5 2.875
136829 316 3.5 3.0
111981 8666 4.0 4.0
13205 356 3.5 5.0
80668 55282 2.5 3.5
27041 71 1.0 2.2
48223 2 4.5 4.5
120524 1405 0.5 1.5
13184 4023 2.0 2.0
93234 3752 2.0 3.5
30909 1214 4.0 4.5
58953 1095 0.5 2.5
4186 153 3.0 4.0
51507 44709 4.0 3.4
115926 96821 5.0 3.75
51331 219 2.5 3.3333333333333335
3948 48082 3.5 3.5
15701 4344 3.0 4.0
91160 86332 3.0 4.0
112355 2463 2.5 1.5
27041 1275 4.0 4.5
71365 2662 3.5 2.5
111226 1219 3.5 5.0
71658 588 2.5 2.25
45406 1019 4.0 1.8333333333333333
55361 653 3.5 2.5
80099 4344 1.5 4.5
97112 5339 4.0 4.0
4197 2858 4.5 2.0
30535 915 5.0 5.0
51507 5319 3.5 3.9285714285714284
23613 93510 4.0 3.375
80476 450 4.0 3.6
97750 8917 5.0 2.5
4347 46970 3.0 1.0
27894 3901 3.5 3.1666666666666665
51507 2470 3.5 4.5
97112 1193 5.0 3.0
130980 1639 5.0 1.5
80476 4901 3.5 5.0
97163 53121 4.0 4.0
136829 586 1.5 4.0
111981 38061 4.0 4.0
130622 52952 3.0 2.125
96370 1290 2.5 4.0
43728 5540 1.5 4.5
87846 1769 4.0 2.75
107909 2012 3.5 0.5
123945 370 4.5 3.25
53908 3358 3.5 3.0
77204 915 4.5 5.0
43978 346 5.0 4.0
39437 1969 1.5 1.75
58953 216 3.0 3.0
115653 1282 4.0 3.0
9485 589 4.0 2.5
100369 2932 4.5 4.0
75957 1049 3.5 4.25
3513 1608 4.0 3.0
98228 1954 3.5 5.0
116013 1352 3.0 3.5
3948 1729 3.5 5.0
119055 195 4.0 4.166666666666667
119055 8614 4.5 5.0
112355 780 1.5 3.0
93018 3968 3.0 3.5
96370 7013 4.5 4.0
13068 516 2.5 4.5
89441 8973 4.0 3.0
87164 7367 3.5 3.0
122737 1390 2.5 4.0
40446 1500 3.5 3.5
55903 2396 4.0 3.25
85581 8645 3.5 2.25
44576 185 3.5 3.0
95547 2048 4.0 2.5
15701 55280 4.0 2.8333333333333335
53552 3988 4.0 4.0
76010 1694 4.0 4.5
13455 1518 1.5 2.0
48037 33880 5.0 2.0
135008 87 1.5 1.5
39437 1127 5.0 1.75
65373 4978 4.5 4.5
3948 7619 1.5 3.625
93234 4019 3.0 2.75
9485 2944 3.5 2.5
27894 1031 4.0 2.5
58953 230 3.5 2.9166666666666665
4347 4443 2.5 3.0
78253 89904 3.5 2.5
115175 1178 5.0 1.5
93414 590 4.0 3.75
119055 2863 4.5 2.0
983 1003 4.0 3.5
16343 780 3.0 3.5
17851 2160 4.0 4.5
15701 4546 2.5 3.3333333333333335
120388 1097 4.0 3.5
51507 292 4.0 3.6666666666666665
55903 2114 5.0 4.5
3376 110 4.0 3.5
20937 73323 4.0 4.0
3513 2688 4.5 2.5
93018 307 5.0 3.375
40850 2622 0.5 3.0
122737 1734 5.0 4.25
90680 10 3.5 3.5
4347 3676 0.5 2.3333333333333335
51507 4992 3.0 3.7
15701 53464 1.5 3.375
10937 2249 0.5 3.5
93018 319 3.0 4.5
51507 3358 4.5 3.0
30911 53000 2.0 3.0
80401 55118 4.0 4.0
51507 229 4.5 4.142857142857143
93018 4488 2.5 3.5
30909 457 2.0 0.5
16097 342 4.0 4.0
18515 4370 1.0 1.5
115393 3255 4.0 3.5
44576 4587 3.0 3.5
90440 428 4.5 1.75
44576 2001 4.5 2.5
93018 1411 3.5 3.5
39497 3256 2.5 4.0
61903 2325 4.0 2.5
27041 1231 3.0 2.5
9485 45 4.5 4.5
96370 2289 3.0 3.1666666666666665
110420 920 3.5 4.5
130622 4616 1.5 2.0
10937 3535 3.0 1.5
27041 1204 3.5 3.5
4347 2009 3.5 3.0
44576 4322 3.0 4.0
3513 195 4.0 3.25
44576 46970 4.0 2.25
53908 3397 2.5 4.0
97112 55442 4.5 4.5
102302 27821 3.0 3.5
107593 2 3.5 3.75
3948 457 2.5 4.0
45125 2966 3.5 4.5
39497 4218 3.5 3.8333333333333335
115195 1049 3.5 2.0
48266 3061 3.5 2.5
97692 3359 5.0 2.5
51456 85414 3.0 4.5
13184 3882 4.5 1.5
8788 31433 3.5 2.5
93018 76 1.0 3.6666666666666665
124722 3949 3.5 2.5
80099 3751 4.5 3.0
58953 105 3.0 3.5
75957 3873 4.0 3.9375
35221 153 3.5 2.5
92332 1094 4.0 3.5
130622 2025 4.0 2.5
120991 5283 1.5 1.3333333333333333
108206 2858 4.0 3.0
97845 3439 4.0 3.5
80099 6873 3.0 3.625
80668 1350 5.0 3.0
120850 593 3.5 3.5
96370 6936 4.0 3.125
95588 3082 4.0 3.75
27894 1674 3.5 4.0
18515 196 2.5 3.0
38860 4232 4.0 3.5
56652 3733 4.0 3.5
80668 2795 5.0 3.5
27041 5349 3.5 2.5
95588 105 4.5 3.5
120524 1663 1.0 2.6666666666666665
99521 47 2.5 3.5
55903 53000 4.0 3.5
111981 186 3.0 3.5
50575 1959 2.5 3.75
114982 6166 2.5 2.6666666666666665
50575 2944 3.5 3.75
3513 551 2.0 2.5
66712 8917 3.0 3.5
43936 8361 3.5 4.0
38159 1431 3.0 3.0
48037 300 3.5 5.0
51507 36517 4.5 3.8333333333333335
115427 53000 3.0 4.0
39437 2959 4.5 2.0
39497 3704 3.0 3.6666666666666665
80099 506 3.5 3.9
119242 4545 3.0 4.0
62611 1301 4.5 4.0
4347 2090 2.5 2.25
106954 8665 3.5 3.5
80099 3821 2.5 3.0
62611 1193 5.0 3.0
23613 53894 5.0 3.5
122973 316 3.5 5.0
93234 4467 3.0 3.5
48037 4304 3.0 3.625
78225 1042 2.5 3.5
3513 2463 4.0 2.5
131488 4069 2.0 3.5
87846 3633 3.5 2.1666666666666665
8788 56171 3.5 2.0
27041 1405 1.5 2.25
27894 4993 3.0 2.5
135438 45 4.5 1.5
55903 527 4.5 3.0
20452 2394 2.5 2.0
27894 19 2.5 3.0
79464 527 2.5 5.0
51507 3155 3.0 3.8
45406 11 2.5 1.5
44321 7454 3.0 1.5
90680 2968 2.5 3.0
27894 5047 1.5 2.7142857142857144
58953 4823 3.5 3.75
55903 4308 4.5 1.5
40850 2664 2.5 1.0
45406 3977 1.0 3.5
9485 1187 2.0 2.5
80668 575 3.0 3.5
93234 527 3.5 3.25
44576 65 2.5 3.8333333333333335
39497 1385 2.0 2.8333333333333335
3951 45 3.5 2.0
93234 2023 3.5 2.3333333333333335
3513 5505 3.0 3.0
8788 30812 4.5 3.5
96370 5792 2.0 4.3
48037 2950 0.5 2.5
52541 300 3.0 3.5
30047 27266 3.5 3.25
93018 1347 4.0 0.5
108206 55820 5.0 2.5
95547 44 2.0 3.3333333333333335
82981 3254 2.0 3.5
94296 1208 4.5 3.5
77491 235 2.5 3.0
76908 2728 2.5 4.0
10937 7102 1.5 2.0
55903 2599 5.0 5.0
80668 1228 3.0 4.0
109434 79091 5.0 4.0
360 955 4.5 3.5
45527 2161 4.5 5.0
39497 1265 3.0 2.5
64667 2550 3.5 3.9
44576 2296 4.0 2.0
87164 1089 4.5 4.0
77491 3999 1.5 3.5
51456 55830 3.5 3.25
115393 1240 3.5 4.5
27041 8860 2.5 2.375
17925 86 2.5 2.5
66678 2950 1.5 2.5
97112 923 3.5 4.0
78579 45668 3.0 4.25
39437 3104 2.5 3.0
92151 1076 4.5 2.5
71190 276 2.5 5.0
58953 613 2.0 2.0
50575 901 2.5 3.75
27041 2558 3.0 2.75
122737 104 4.0 5.0
115926 69526 2.5 3.0
10937 1086 3.0 3.5
15701 1348 4.0 2.8333333333333335
119055 60 2.5 4.25
130622 86 2.5 3.0
52667 1918 4.0 2.5
62387 1907 3.5 3.25
131156 923 2.0 2.5
94296 26 3.5 3.25
58953 2392 3.0 4.0
78253 66097 4.0 3.5
119055 2946 5.0 3.0
109888 47 5.0 3.5
130622 53000 1.5 3.0
18222 8533 3.5 2.5
12892 38038 4.0 4.0
9485 2716 2.5 3.0
62611 994 3.5 3.1666666666666665
120491 175 3.0 4.5
30911 4299 3.0 4.5
85581 2313 4.0 2.5
80099 1422 3.5 3.9166666666666665
58953 8970 5.0 4.5
15701 5540 3.5 3.5
80668 2539 3.5 3.0
31892 2163 4.0 2.5
45125 47629 5.0 4.25
80099 47629 4.5 3.6666666666666665
131042 1126 0.5 3.0
44576 55830 3.0 3.6666666666666665
85581 2560 2.5 1.625
133568 3973 1.5 3.5
83338 1729 3.5 4.0
3990 3364 3.5 3.0
120991 913 5.0 1.5
93234 55820 4.0 3.0
101326 68952 4.5 4.5
58953 1961 4.0 4.0
51507 69406 4.0 3.25
66678 5459 4.5 3.25
45406 1644 1.5 2.0
40446 162 3.0 3.0
9485 2115 1.5 3.5
137252 504 3.0 3.5
72428 44974 5.0 3.5
108724 3930 4.5 4.0
136898 2318 3.5 2.5
51507 921 5.0 4.0
37339 62511 3.5 3.0
128305 175 2.5 3.5
123155 296 3.5 4.0
80099 5505 4.0 3.5
20452 548 0.5 3.5
54066 3 2.0 2.5
111981 2002 3.5 3.5
15701 1954 3.0 2.0
58953 7367 2.5 3.8333333333333335
73077 1290 3.5 3.0
119055 783 2.5 2.5
46242 3593 4.0 3.0
66678 2407 4.0 2.5
114982 2826 3.5 2.5
3513 1091 3.0 3.75
111981 37384 3.0 4.125
130622 7454 1.0 4.0
131156 2329 3.0 2.5
74325 3269 4.5 5.0
37360 1201 4.5 3.5
82770 1707 0.5 2.25
80099 48982 4.5 4.0
5005 48516 5.0 4.0
53908 1339 4.0 3.5
93414 4874 4.5 4.5
87846 2369 2.0 3.5
93234 5608 4.0 2.2
96370 4973 5.0 2.8333333333333335
54042 4526 1.5 2.1666666666666665
83338 2094 4.5 4.75
15701 4370 1.5 3.5
133689 356 4.0 2.5
76908 3244 1.5 2.5
96370 7121 5.0 4.2
93234 6440 3.5 3.0
44079 766 4.0 3.1666666666666665
96370 1912 4.0 3.625
93018 3508 2.5 4.333333333333333
3513 558 3.0 3.5
84653 300 2.5 0.5
40850 2788 3.5 1.5
45406 1711 1.5 2.0
15701 5956 2.0 2.5
93915 6268 3.5 5.0
48037 4890 3.5 4.25
82770 8917 3.5 2.75
93018 4133 1.5 3.3333333333333335
17851 778 4.0 3.5
17851 4091 3.0 3.5
95993 3098 3.0 3.0
39497 1241 4.5 2.75
127601 58293 3.5 3.8
96218 44555 4.5 1.8333333333333333
80099 2423 3.5 2.5
40967 162 4.5 2.5
11606 64622 4.5 1.5
17851 1967 3.0 3.0
127601 66509 3.5 4.0
87164 1266 3.0 0.5
51507 1177 2.5 3.1666666666666665
53908 2747 3.0 3.5
27894 3997 1.5 2.875
51507 1721 5.0 3.25
52541 207 3.5 3.0
58953 3100 2.0 3.3333333333333335
51507 2423 3.0 2.5
72455 34048 1.5 4.0
80099 6503 3.5 4.0
80668 6535 1.5 3.25
122083 4447 5.0 0.5
55903 3751 4.0 1.5
80668 7419 3.0 2.9
4347 1304 4.0 1.0
99276 1227 1.5 2.5
58953 272 4.0 3.5833333333333335
55903 3441 5.0 2.6666666666666665
22549 533 3.5 5.0
44576 1385 2.0 2.5
10802 69481 3.0 3.25
54042 2985 4.0 2.0
23627 3104 3.5 4.0
80590 927 5.0 3.0
80590 357 5.0 3.5
51507 53972 3.0 4.5
55903 2420 3.5 1.5
80099 1214 4.5 4.5
130622 8529 2.5 2.5
97163 56339 4.5 2.6666666666666665
27816 71530 3.5 4.5
3513 4889 3.5 2.75
112875 32 4.5 2.5
51507 72641 4.0 4.0
4848 2901 2.5 3.5
53790 91077 3.5 3.5
93234 72998 4.0 2.0
51456 5956 3.0 2.25
97163 172 3.0 4.5
15701 1208 3.5 2.25
51507 3809 4.5 3.6666666666666665
80099 53121 2.0 3.9
130622 4928 3.5 2.75
58953 40629 3.5 3.125
130622 7099 3.5 2.75
95547 4054 3.5 3.25
10721 37857 5.0 2.0
51456 2600 3.5 3.6666666666666665
48000 4571 4.5 2.5
50575 918 4.5 3.5
107593 5540 4.0 3.5
100369 3702 4.0 4.0
3513 1527 3.0 3.5
99276 4890 5.0 2.5
91160 110 5.0 3.5
123558 2001 5.0 4.5
77491 2094 4.5 5.0
119055 5308 4.0 5.0
95547 32 4.0 2.5
112355 364 1.0 2.5
58456 1699 4.0 4.5
80668 3510 3.5 4.5
93018 482 2.0 2.5
27041 110 5.0 3.5
30047 7323 4.5 2.5
4347 103249 3.0 2.875
18515 1483 4.5 3.5
76481 1608 2.5 3.5
51507 151 4.0 3.75
75326 180 4.0 3.0
99276 2 2.0 0.5
114982 455 2.5 2.5
87846 2470 2.5 2.5
96370 6565 3.0 3.25
95547 1224 1.5 4.5
10937 8169 0.5 2.3333333333333335
997 62374 4.0 4.0
107909 5452 1.0 3.125
4347 58559 3.0 3.6666666666666665
92610 735 3.5 4.25
80476 4040 3.5 5.0
4347 5690 3.5 2.5
6077 1866 3.5 2.5
58953 8641 3.0 3.0
68146 88810 3.5 2.5
3513 836 2.5 3.0
17851 12 4.0 3.3333333333333335
80099 3988 4.0 3.5
10937 5956 2.5 1.5
12892 1873 2.0 4.0
55903 8207 3.5 3.25
77491 4545 3.0 3.75
51491 102125 2.5 3.5
80668 5400 4.0 4.0
15701 653 3.5 3.5
135295 342 3.5 4.0
59443 186 2.5 3.0
62387 1676 5.0 0.5
9485 920 2.5 2.5
91160 45517 3.5 4.0
95547 2145 1.5 3.5
51507 31225 4.5 4.25
21922 2677 4.0 4.0
96370 2970 3.5 3.5
9485 2700 3.0 3.25
136898 6197 4.0 3.5
93234 39183 4.5 2.875
18515 4308 2.5 4.5
93018 4970 5.0 3.0
82981 4846 4.5 3.25
80668 2707 3.0 5.0
54042 1027 2.5 2.0
93234 6639 4.0 3.125
4162 920 5.0 2.0
78579 64957 5.0 3.5
80476 1517 3.5 2.5
116603 2078 5.0 0.5
10937 5507 1.0 3.3333333333333335
4347 2288 4.5 2.75
4347 1641 3.5 3.25
112355 1271 4.5 3.75
130622 3074 3.0 2.5
58953 2728 3.0 3.125
10937 6365 0.5 2.0
80668 2470 4.0 3.5
115427 838 3.5 4.0
108325 58559 4.5 4.5
15701 4571 3.5 3.4
44576 6281 3.5 2.5
10721 1131 4.5 3.0
61321 1235 2.5 3.0
107909 3911 3.5 2.5
4347 97304 3.5 2.375
115926 2078 5.0 4.5
23313 2575 4.5 3.25
51507 185 3.0 3.5
39497 1713 3.5 2.6666666666666665
3948 26133 4.5 2.9166666666666665
93234 1459 2.5 2.375
97163 63082 4.5 3.0
44576 4821 4.5 3.5
64667 2206 4.0 5.0
110420 4023 3.5 1.5
119055 778 5.0 4.5
106695 2322 2.0 2.5
40446 257 3.0 2.5
11599 1 3.0 4.5
121619 861 3.0 3.5
35221 901 2.5 2.0
48690 1091 3.5 3.0
109888 208 3.5 2.0
78253 1343 3.0 3.5
124565 2662 5.0 3.5
27041 2318 3.5 2.5
78365 8228 1.5 1.0
130622 1747 2.0 2.0
62611 2672 3.5 3.5
27894 1207 4.0 2.8333333333333335
39497 2268 4.0 3.5
80099 480 2.5 4.0
51507 2912 4.5 3.25
93018 376 2.5 1.5
31225 88163 4.0 5.0
99276 2700 5.0 4.0
71658 2944 4.5 3.75
80668 931 3.0 3.0
54042 4255 0.5 2.75
93018 123 4.5 2.0
8788 2291 1.5 0.5
80099 266 2.5 3.0
58953 3341 3.5 3.7142857142857144
13205 235 3.5 3.5
103996 482 3.5 4.0
124289 173 3.5 5.0
10937 54881 3.0 0.75
77491 4734 3.5 2.5
43728 480 4.5 4.5
93018 595 3.5 5.0
120991 2920 4.5 2.6666666666666665
13205 88129 3.5 5.0
3948 55118 5.0 2.0
110653 3671 4.5 1.0
45406 1623 2.5 2.5
45406 4022 3.0 3.0
123155 1019 4.0 4.0
4162 317 3.5 3.5
93018 3498 3.5 1.6
10802 3032 3.0 3.3333333333333335
10721 2770 3.0 5.0
39497 3452 2.5 4.0
10937 4973 3.5 2.5
16343 64 1.5 3.25
124722 2463 2.5 4.0
4347 36401 2.5 2.1666666666666665
93018 1131 5.0 3.3333333333333335
91160 1249 4.5 3.0
78225 3953 1.5 2.5
44576 1498 2.5 3.5
27041 2294 3.5 3.5
12892 586 4.5 4.5
130622 2 3.5 4.0
119055 1956 4.5 4.875
127601 2997 3.5 4.5
19855 549 3.0 3.25
22549 586 1.5 5.0
72428 2460 3.0 2.0
87846 1474 1.5 2.3333333333333335
99276 3053 1.5 4.25
45406 2140 4.5 3.0
80099 40629 3.5 3.3333333333333335
100431 44665 4.0 5.0
44576 2318 1.5 1.5
137550 3688 3.5 4.0
58953 191 3.0 3.0
101326 68157 5.0 4.0
130622 37729 3.5 2.25
30909 58047 4.5 5.0
97163 102125 3.5 3.0
87164 7445 2.5 5.0
96218 8972 3.5 0.5
97750 56587 4.0 2.5
44452 828 3.5 3.5
91160 46578 4.0 3.0
51507 2001 3.5 2.6666666666666665
8788 63859 5.0 5.0
51507 89745 0.5 4.5
31395 3503 3.0 2.0
64667 36517 2.5 3.3333333333333335
112355 5452 1.5 2.5
108206 30793 3.5 5.0
64667 1127 3.0 4.5
17851 593 5.0 3.5
51491 48744 3.5 2.75
72428 293 2.5 4.0
39497 4564 2.0 3.4166666666666665
17851 6936 0.5 4.5
130622 1348 3.5 3.0
99276 1343 4.0 3.75
85581 2407 3.0 2.5
39437 2416 0.5 4.5
44576 879 2.5 4.0
96370 2069 3.5 3.5
76908 1288 4.5 4.5
55903 3653 3.5 4.0
90886 2926 3.0 3.5
136898 5055 3.0 4.0
96370 48394 3.5 3.75
87164 374 2.0 3.5
18515 3108 4.5 3.0
124722 3256 2.5 4.0
120388 588 4.5 3.5
27041 27721 3.0 3.25
4551 2944 4.0 2.5
23613 1193 4.5 4.0
88085 1208 4.5 3.0
13068 1208 4.0 2.5
62016 1518 3.5 5.0
93915 2206 5.0 5.0
96370 2357 4.5 2.0
111981 39435 3.5 3.5
93234 39231 2.5 3.0
51507 5945 5.0 4.5
80401 3484 3.0 3.5
90680 1968 4.5 0.5
95547 81834 4.0 3.1666666666666665
80668 249 2.0 3.7
91160 76093 4.0 3.5
120524 61132 1.0 1.0
43445 1554 2.5 3.5
93234 481 2.5 3.375
4347 923 5.0 3.5
9485 2146 1.5 4.5
6417 1835 3.0 1.5
4551 2687 2.5 2.5
20398 5055 3.5 4.0
106695 2262 2.5 2.75
64667 53121 2.0 3.0
80099 2078 3.5 3.5
93018 2344 1.0 2.2
39497 7001 3.5 2.8333333333333335
39497 3019 4.5 4.0
87164 5254 3.5 4.0
130622 3763 2.5 1.5
10802 5151 2.0 4.0
91160 1231 4.5 3.5
122737 551 4.5 3.0
76908 2779 2.5 3.0
107230 39435 3.0 3.0
22549 778 5.0 3.0
119055 253 3.0 5.0
18515 1907 1.0 1.0
97112 4432 4.5 2.5
119055 4232 5.0 5.0
68146 3916 4.0 1.5
100369 8641 3.5 4.5
45406 216 2.5 2.3333333333333335
96370 1353 4.5 3.6666666666666665
8788 33880 3.5 2.125
3948 3477 4.5 2.75
80668 3702 3.0 3.5
51507 4427 5.0 3.9166666666666665
45406 4025 1.0 2.5
122083 2394 2.0 3.5
93234 4254 2.5 2.9
97750 3107 4.5 1.0
